1341846313.553992 0.0000000 0.0000000 0.0000000 0.0000000 0.0000000 0.0000000 1.0000000
1341846313.721918 0.0358458 0.0011089 -0.0045647 -0.0000769 -0.0076798 0.0051920 0.9999570
1341846313.753994 0.0388982 0.0026971 -0.0007500 -0.0002726 -0.0078183 0.0062262 0.9999500
1341846313.822075 0.0357561 0.0074055 -0.0000429 0.0014266 -0.0051583 0.0020404 0.9999836
1341846313.922055 -0.0117287 0.0100030 -0.0114672 -0.0010669 0.0102085 0.0016041 0.9999461
1341846314.022042 -0.0784926 0.0066936 -0.0119386 -0.0077557 0.0365779 0.0049384 0.9992885
1341846314.089801 -0.1174429 0.0225668 0.0022522 -0.0066959 0.0536472 0.0033486 0.9985319
1341846314.190094 -0.1709450 0.0288142 -0.0030720 -0.0092376 0.0755520 0.0072256 0.9970729
1341846314.290052 -0.2102745 0.0536940 -0.0056575 -0.0077507 0.0890767 0.0075478 0.9959660
1341846314.389899 -0.2207589 0.0684222 0.0056731 -0.0057418 0.1006653 0.0036536 0.9948971
1341846314.458114 -0.2471531 0.0851476 0.0035032 -0.0036006 0.1143759 -0.0014364 0.9934300
1341846314.594085 -0.2894095 0.0845263 0.0051655 -0.0017569 0.1389926 -0.0067126 0.9902691
1341846314.694004 -0.3076600 0.0921063 0.0010053 -0.0016341 0.1543024 -0.0084777 0.9879860
1341846314.794030 -0.3300789 0.1089722 -0.0060543 0.0127647 0.1646945 -0.0010876 0.9862614
1341846314.862145 -0.3536666 0.1217706 -0.0161847 0.0168547 0.1779668 -0.0008773 0.9838917
1341846314.925969 -0.3684577 0.1253628 -0.0227699 0.0180574 0.1877507 0.0053203 0.9820363
1341846315.029900 -0.4105366 0.1486622 -0.0278130 0.0156163 0.2020981 0.0061614 0.9792214
1341846315.129851 -0.4321749 0.1515334 -0.0279815 0.0178595 0.2085242 0.0097101 0.9778059
1341846315.197984 -0.4520063 0.1675779 -0.0364164 0.0101143 0.2099979 0.0093415 0.9776049
1341846315.298000 -0.4722378 0.1729943 -0.0315863 0.0039178 0.2087217 0.0125479 0.9778867
1341846315.397962 -0.5139235 0.2154580 -0.0317475 0.0243322 0.2150726 0.0167638 0.9761510
1341846315.497883 -0.5459518 0.2248440 -0.0221323 0.0291124 0.2306189 0.0229174 0.9723385
1341846315.597986 -0.5579704 0.2295755 -0.0151974 0.0290523 0.2376271 0.0236564 0.9706337
1341846315.698114 -0.5725623 0.2223523 -0.0117756 0.0202518 0.2473599 0.0213781 0.9684761
1341846315.834140 -0.5248234 0.2147247 -0.0080026 0.0184165 0.2407173 0.0224194 0.9701615
1341846315.966572 -0.5097864 0.2043167 -0.0108949 0.0266720 0.2412514 0.0200403 0.9698890
1341846316.066113 -0.5123433 0.2076080 -0.0191692 0.0332283 0.2387160 0.0190448 0.9703339
1341846316.169952 -0.5087749 0.2114715 -0.0228417 0.0335351 0.2284102 0.0155358 0.9728632
1341846316.301915 -0.4622183 0.2087145 -0.0259890 0.0324909 0.2164889 0.0071487 0.9757181
1341846316.401994 -0.4481953 0.1946510 -0.0398403 0.0358727 0.2076532 0.0126227 0.9774630
1341846316.502034 -0.4157412 0.1794636 -0.0565198 0.0419881 0.1946084 0.0199133 0.9797796
1341846316.570121 -0.3738948 0.1754653 -0.0476678 0.0388265 0.1839146 0.0160529 0.9820439
1341846316.638009 -0.3239431 0.1663336 -0.0381713 0.0416829 0.1721282 0.0152906 0.9840735
1341846316.738062 -0.2792919 0.1521522 -0.0374700 0.0478628 0.1604268 0.0169579 0.9857408
1341846316.805932 -0.2462189 0.1489714 -0.0323092 0.0472810 0.1522814 0.0159113 0.9870774
1341846316.870034 -0.2084605 0.1285331 -0.0237823 0.0458355 0.1386439 0.0192138 0.9890944
1341846316.937940 -0.2005384 0.1253947 -0.0297390 0.0455417 0.1312018 0.0166385 0.9901693
1341846317.005913 -0.1764407 0.1120462 -0.0268444 0.0414047 0.1202274 0.0176350 0.9917258
1341846317.106113 -0.1371709 0.0947551 -0.0130469 0.0430111 0.1055746 0.0214758 0.9932486
1341846317.137887 -0.1141082 0.0742582 -0.0116626 0.0425190 0.0940472 0.0276680 0.9942745
1341846317.173970 -0.1141654 0.0757789 -0.0163968 0.0437907 0.0860008 0.0303503 0.9948694
1341846317.248131 -0.1103596 0.0786271 -0.0212135 0.0459268 0.0774892 0.0342817 0.9953446
1341846317.273950 -0.1092772 0.0780818 -0.0270497 0.0466503 0.0719308 0.0359664 0.9956687
1341846317.348137 -0.1104968 0.0804894 -0.0284079 0.0491293 0.0693595 0.0403303 0.9955647
1341846317.442569 -0.1178679 0.0874155 -0.0461364 0.0555295 0.0665602 0.0507909 0.9949405
1341846317.542282 -0.1018661 0.0851371 -0.0658086 0.0616670 0.0546045 0.0585408 0.9948812
1341846317.573943 -0.1095399 0.0902084 -0.0636381 0.0634080 0.0564511 0.0582225 0.9946873
1341846317.643553 -0.1005045 0.0923249 -0.0799701 0.0681862 0.0520791 0.0619058 0.9943873
1341846317.741834 -0.0819234 0.0930506 -0.0914772 0.0702975 0.0382948 0.0628943 0.9948046
1341846317.777923 -0.0751716 0.0906162 -0.0913934 0.0679973 0.0349109 0.0617131 0.9951628
1341846317.878017 -0.0377711 0.0814685 -0.0859213 0.0620308 0.0231014 0.0535424 0.9963692
1341846317.909910 -0.0270442 0.0800935 -0.0799930 0.0611605 0.0219363 0.0482991 0.9967173
1341846317.946031 -0.0155626 0.0777437 -0.0759467 0.0621289 0.0197839 0.0488220 0.9966770
1341846317.978041 0.0113463 0.0736097 -0.0665325 0.0636249 0.0125223 0.0479044 0.9967448
1341846318.009897 0.0039088 0.0762504 -0.0698101 0.0665040 0.0138877 0.0463314 0.9966131
1341846318.045949 0.0149919 0.0685888 -0.0713568 0.0647494 0.0120235 0.0445702 0.9968332
1341846318.078074 0.0512323 0.0641643 -0.0609981 0.0632218 0.0025167 0.0412260 0.9971445
1341846318.109894 0.0696436 0.0605447 -0.0564207 0.0624476 -0.0057379 0.0370713 0.9973430
1341846318.145957 0.0613812 0.0590697 -0.0561831 0.0612735 -0.0068968 0.0358437 0.9974534
1341846318.178001 0.0689881 0.0607952 -0.0564168 0.0610991 -0.0089980 0.0323857 0.9975656
1341846318.214074 0.0879430 0.0574663 -0.0504544 0.0611059 -0.0154146 0.0312347 0.9975234
1341846318.245970 0.1082215 0.0574516 -0.0410499 0.0641354 -0.0258350 0.0307512 0.9971327
1341846318.278018 0.1094494 0.0573518 -0.0425516 0.0679376 -0.0316525 0.0310859 0.9967027
1341846318.482196 0.1577761 0.0585206 -0.0384025 0.0775911 -0.0841474 0.0302954 0.9929658
1341846318.582042 0.1729396 0.0586169 -0.0412228 0.0803972 -0.0926290 0.0305269 0.9919800
1341846318.682350 0.1744496 0.0564182 -0.0578491 0.0798308 -0.0987351 0.0321795 0.9913843
1341846318.714063 0.1719458 0.0503358 -0.0670634 0.0779697 -0.1008413 0.0324516 0.9913116
1341846318.749905 0.1608621 0.0558765 -0.0697238 0.0803445 -0.0999310 0.0347874 0.9911349
1341846318.782036 0.1526484 0.0664685 -0.0818060 0.0838688 -0.1011837 0.0384903 0.9905788
1341846318.814121 0.1459783 0.0734286 -0.0926883 0.0853367 -0.1073485 0.0385755 0.9898009
1341846318.850072 0.1239030 0.0730511 -0.0973376 0.0862259 -0.1110808 0.0376898 0.9893461
1341846318.883516 0.1135988 0.0745790 -0.1126434 0.0899044 -0.1184939 0.0365653 0.9882001
1341846318.918047 0.1030538 0.0793296 -0.1118620 0.0926788 -0.1304889 0.0383816 0.9863620
1341846318.950044 0.0971042 0.0747113 -0.1070170 0.0946494 -0.1402293 0.0321217 0.9850611
1341846318.982028 0.1034147 0.0757741 -0.1162665 0.0960633 -0.1458163 0.0291793 0.9842042
1341846319.018123 0.1011328 0.0789715 -0.1188038 0.0956982 -0.1522177 0.0322507 0.9831742
1341846319.050745 0.0991291 0.0789976 -0.1090684 0.0983782 -0.1584792 0.0297412 0.9819987
1341846319.081905 0.0808457 0.0769781 -0.1089250 0.1036604 -0.1557252 0.0279906 0.9819474
1341846319.117976 0.0562834 0.0801883 -0.1243747 0.1052334 -0.1531039 0.0341885 0.9819961
1341846319.150093 0.0220007 0.0719834 -0.1299379 0.1054643 -0.1536231 0.0416595 0.9816016
1341846319.186069 0.0046765 0.0794603 -0.1415667 0.1079786 -0.1531147 0.0416962 0.9814061
1341846319.218149 -0.0324196 0.0840742 -0.1587693 0.1046218 -0.1432473 0.0387405 0.9833787
1341846319.250034 -0.0630983 0.0858090 -0.1567037 0.1000800 -0.1343270 0.0395442 0.9850769
1341846319.286594 -0.1005789 0.0929729 -0.1557935 0.0995762 -0.1268600 0.0431686 0.9859653
1341846319.318034 -0.1355075 0.0954281 -0.1610343 0.1007912 -0.1219312 0.0468228 0.9862969
1341846319.350268 -0.1716601 0.0802807 -0.1697226 0.0991507 -0.1171231 0.0535665 0.9867026
1341846319.386163 -0.1808770 0.0728662 -0.1816399 0.0983947 -0.1210965 0.0640149 0.9856755
1341846319.418386 -0.1970147 0.0841464 -0.1747645 0.1020066 -0.1249707 0.0651267 0.9847515
1341846319.453961 -0.2420325 0.0900529 -0.1976916 0.1037336 -0.1201271 0.0604252 0.9854733
1341846319.486271 -0.2788204 0.0920565 -0.2054939 0.1035767 -0.1154077 0.0580865 0.9861941
1341846319.518456 -0.2952811 0.1017980 -0.2073575 0.1009256 -0.1182043 0.0633973 0.9858106
1341846319.554083 -0.2847356 0.0961210 -0.1830053 0.0990048 -0.1235538 0.0594644 0.9855945
1341846319.586296 -0.2848718 0.0965423 -0.1879588 0.0989608 -0.1240573 0.0584641 0.9855955
1341846319.622031 -0.2954812 0.0893087 -0.1918443 0.0961020 -0.1272994 0.0582107 0.9854800
1341846319.653962 -0.3113281 0.0914519 -0.1781543 0.0967866 -0.1309635 0.0562937 0.9850441
1341846319.686352 -0.3077757 0.0873602 -0.1748978 0.0978017 -0.1365199 0.0590320 0.9840286
1341846319.754063 -0.3076940 0.1034858 -0.1917626 0.0967254 -0.1439428 0.0613078 0.9829375
1341846319.786397 -0.3098353 0.0961257 -0.1837172 0.0912973 -0.1446090 0.0651824 0.9831095
1341846319.889942 -0.3027446 0.0794636 -0.1716842 0.0771425 -0.1508401 0.0810112 0.9822085
1341846319.953946 -0.3134404 0.0698814 -0.1678778 0.0769485 -0.1598926 0.0778711 0.9810451
1341846319.990054 -0.3219343 0.0727724 -0.1665580 0.0807520 -0.1615341 0.0709075 0.9809985
1341846320.054177 -0.3077275 0.0644554 -0.1576913 0.0847945 -0.1730764 0.0717072 0.9786279
1341846320.157952 -0.3075542 0.0887572 -0.1738620 0.0910568 -0.1669704 0.0683196 0.9793682
1341846320.190003 -0.3100280 0.0935280 -0.1679228 0.0948746 -0.1619714 0.0639699 0.9801387
1341846320.221941 -0.2979437 0.0918238 -0.1661129 0.0987472 -0.1595855 0.0645574 0.9801091
1341846320.258015 -0.2653899 0.0850318 -0.1703886 0.1011907 -0.1620405 0.0673554 0.9792684
1341846320.289887 -0.1850040 0.0651037 -0.1511559 0.1028383 -0.1737814 0.0702587 0.9768767
1341846320.321954 -0.1351859 0.0600594 -0.1400786 0.1104186 -0.1803049 0.0696965 0.9749053
1341846320.357890 -0.1075981 0.0831619 -0.1384051 0.1182971 -0.1824483 0.0692589 0.9736127
1341846320.390064 -0.0745803 0.0941812 -0.1428481 0.1205722 -0.1822293 0.0673675 0.9735073
1341846320.426544 -0.0032600 0.0921764 -0.1164223 0.1237230 -0.1830307 0.0609897 0.9733821
1341846320.458122 0.0628133 0.0915891 -0.1029719 0.1241801 -0.1834768 0.0576472 0.9734436
1341846320.490186 0.1406474 0.0878987 -0.0702236 0.1271577 -0.1857137 0.0545915 0.9728109
1341846320.525911 0.1877988 0.1047834 -0.0632738 0.1332738 -0.1825966 0.0507061 0.9727926
1341846320.558091 0.2465013 0.1011554 -0.0348937 0.1344643 -0.1857418 0.0457142 0.9722806
1341846320.594093 0.2947710 0.1113040 -0.0190111 0.1368696 -0.1860223 0.0399621 0.9721448
1341846320.631955 0.3416352 0.1083151 0.0085884 0.1401532 -0.1845529 0.0381321 0.9720305
1341846320.664916 0.3616068 0.1023306 0.0064783 0.1394262 -0.1836694 0.0366616 0.9723589
1341846320.699927 0.3569945 0.1274980 0.0188026 0.1435334 -0.1794674 0.0341337 0.9726379
1341846320.731822 0.3958805 0.1361670 0.0415152 0.1473534 -0.1778613 0.0325071 0.9724174
1341846320.763877 0.4157338 0.1525405 0.0543060 0.1473284 -0.1785589 0.0347961 0.9722141
1341846320.799999 0.4373116 0.1472648 0.0615856 0.1404412 -0.1827449 0.0297035 0.9726244
1341846320.831871 0.4529535 0.1498136 0.0792948 0.1438898 -0.1727698 0.0223902 0.9741381
1341846320.863887 0.4652293 0.1560896 0.0877136 0.1427958 -0.1675669 0.0271323 0.9750869
1341846320.900014 0.5022018 0.1427846 0.0942944 0.1339232 -0.1762910 0.0290623 0.9747520
1341846320.931889 0.5404510 0.1331837 0.1300180 0.1346050 -0.1810290 0.0250673 0.9739002
1341846320.967866 0.5916790 0.1465467 0.1332996 0.1355661 -0.1828369 0.0237476 0.9734622
1341846321.000017 0.6143577 0.1466795 0.1527377 0.1309358 -0.1851928 0.0208940 0.9737160
1341846321.031860 0.6618825 0.1339319 0.1635100 0.1271804 -0.1898891 0.0153068 0.9734131
1341846321.068047 0.6915433 0.1394712 0.1767951 0.1290136 -0.1893624 0.0120075 0.9733207
1341846321.099840 0.7216953 0.1465725 0.1974347 0.1284709 -0.1922905 0.0125706 0.9728112
1341846321.131821 0.7559029 0.1379080 0.2177135 0.1277444 -0.1947924 0.0108777 0.9724294
1341846321.167887 0.7871077 0.1406665 0.2345263 0.1315007 -0.1952697 0.0125394 0.9718128
1341846321.200042 0.8053870 0.1491361 0.2374254 0.1323115 -0.1950959 0.0123892 0.9717396
1341846321.267939 0.8259122 0.1464765 0.2282616 0.1326784 -0.1916614 0.0038115 0.9724442
1341846321.299948 0.8502533 0.1511068 0.2472507 0.1332944 -0.1906633 -0.0020775 0.9725615
1341846321.331858 0.8618890 0.1640863 0.2805518 0.1376444 -0.1896364 -0.0054398 0.9721432
1341846321.367913 0.9001763 0.1521465 0.2930410 0.1389066 -0.1913760 -0.0119487 0.9715644
1341846321.399897 0.9174642 0.1648777 0.3058392 0.1429412 -0.1886894 -0.0121095 0.9715027
1341846321.435994 0.9088215 0.1691807 0.3174255 0.1459463 -0.1838588 -0.0126171 0.9719756
1341846321.467946 0.9338888 0.1684515 0.3274790 0.1479310 -0.1845357 -0.0121748 0.9715528
1341846321.499882 0.9644027 0.1757133 0.3482906 0.1508989 -0.1851971 -0.0123382 0.9709682
1341846321.536109 1.0316454 0.1710779 0.3435979 0.1498882 -0.1874677 -0.0161453 0.9706331
1341846321.603938 0.9998917 0.2021950 0.3694181 0.1501243 -0.1742447 -0.0197225 0.9729915
1341846321.637163 1.0574864 0.2015984 0.3690294 0.1469403 -0.1749072 -0.0212909 0.9733256
1341846321.668306 1.0285220 0.2188485 0.3748149 0.1449613 -0.1631072 -0.0188323 0.9757190
1341846321.704411 1.0135133 0.2215497 0.3748540 0.1411797 -0.1612665 -0.0106531 0.9767026
1341846321.771881 1.0502130 0.2291840 0.3833580 0.1355423 -0.1670827 -0.0006388 0.9765814
1341846321.904074 1.0780294 0.2362309 0.4067061 0.1195920 -0.1619667 -0.0080925 0.9794892
1341846322.004094 1.0716466 0.2298298 0.4115910 0.1092827 -0.1597803 -0.0128014 0.9810014
1341846322.066178 1.0820591 0.2097790 0.4178548 0.1035962 -0.1549565 -0.0180330 0.9823091
1341846322.133980 1.0787864 0.1649867 0.4187365 0.0990288 -0.1523200 -0.0212768 0.9831272
1341846322.202932 1.0844232 0.1535609 0.4162348 0.1011259 -0.1564963 -0.0181389 0.9823204
1341846322.265941 1.0807257 0.1330287 0.4143787 0.0960847 -0.1603436 -0.0197501 0.9821749
1341846322.301996 1.0902696 0.1069048 0.4144947 0.0917557 -0.1630820 -0.0197864 0.9821373
1341846322.369871 1.0946090 0.0434442 0.4108399 0.0855264 -0.1709679 -0.0233645 0.9812794
1341846322.402292 1.1028935 0.0183930 0.4142992 0.0862467 -0.1696017 -0.0301006 0.9812700
1341846322.470030 1.0768194 -0.0223718 0.4089319 0.0961753 -0.1700547 -0.0275217 0.9803439
1341846322.502433 1.0898719 -0.0461356 0.4100320 0.0994476 -0.1749037 -0.0232420 0.9792746
1341846322.770087 1.1089127 -0.2117581 0.4109218 0.1192037 -0.1818412 -0.0076462 0.9760460
1341846322.806047 1.0944021 -0.2106062 0.4136435 0.1239806 -0.1810798 -0.0037284 0.9756152
1341846322.906018 1.1031336 -0.2451769 0.4228446 0.1291176 -0.1927940 -0.0003125 0.9727071
1341846322.938349 1.1013433 -0.2178293 0.4283252 0.1327431 -0.1920385 0.0013244 0.9723676
1341846323.011820 1.1064483 -0.2512144 0.4325858 0.1225383 -0.1926113 0.0016280 0.9735926
1341846323.206059 1.1008384 -0.3019125 0.4360045 0.1090008 -0.1926706 -0.0035383 0.9751843
1341846323.441956 1.0995322 -0.3599384 0.4481821 0.0940772 -0.1971625 0.0023742 0.9758436
1341846323.473878 1.0998070 -0.3732086 0.4410520 0.0978256 -0.1950247 0.0017569 0.9759060
1341846323.609927 1.1178682 -0.3962109 0.4397717 0.1002981 -0.1870419 -0.0110207 0.9771562
1341846323.842207 1.1036508 -0.4527778 0.4349189 0.1098729 -0.1929548 -0.0126105 0.9749551
1341846323.878019 1.1006207 -0.4563535 0.4320865 0.1119829 -0.1935875 -0.0149810 0.9745559
1341846323.909826 1.1035368 -0.4874237 0.4285772 0.1130727 -0.1955070 -0.0193927 0.9739689
1341846323.942459 1.1010247 -0.4742463 0.4286308 0.1181971 -0.1953873 -0.0175813 0.9734188
1341846324.115968 1.1083528 -0.4627873 0.4310303 0.1259831 -0.1961567 -0.0181523 0.9722763
1341846324.219984 1.0989982 -0.4415635 0.4313553 0.1205412 -0.1866824 -0.0269306 0.9746252
1341846324.251968 1.0944879 -0.4389970 0.4281995 0.1207403 -0.1859604 -0.0275542 0.9747211
1341846324.351917 1.0982667 -0.3798520 0.4297815 0.1203003 -0.1937067 -0.0311816 0.9731563
1341846324.388001 1.1055393 -0.3817312 0.4272206 0.1161882 -0.1935274 -0.0369453 0.9734898
1341846324.419908 1.1027192 -0.3686022 0.4304378 0.1119878 -0.1912708 -0.0406848 0.9742787
1341846324.556001 1.0874531 -0.3283413 0.4334179 0.1020035 -0.1976410 -0.0307517 0.9744679
1341846324.755922 1.0762409 -0.2414669 0.4309336 0.0993269 -0.2052480 -0.0289035 0.9732276
1341846324.814016 1.0953717 -0.1820570 0.4342540 0.1004469 -0.2112580 -0.0345870 0.9716400
1341846324.881924 1.0700574 -0.1398588 0.4415162 0.0972541 -0.2072532 -0.0373725 0.9727235
1341846324.913902 1.0722535 -0.1231871 0.4459047 0.0972647 -0.2086454 -0.0354068 0.9724984
1341846326.291222 1.0092332 0.4603591 0.5300902 0.1824484 -0.1763561 0.0506182 0.9659445
1341846326.359773 1.0121403 0.4625068 0.5390865 0.1730203 -0.1743269 0.0447338 0.9683352
1341846326.459869 1.0068876 0.5007038 0.5504042 0.1798138 -0.1752585 0.0564475 0.9663153
1341846326.591828 1.0377120 0.5436422 0.5784583 0.1730512 -0.1729067 0.0567076 0.9679570
1341846326.627027 1.0378408 0.4905889 0.5717893 0.1608405 -0.1703547 0.0523960 0.9707545
1341846326.694856 1.0136898 0.5069990 0.5629600 0.1530765 -0.1588795 0.0502399 0.9740641
1341846326.762753 1.0262102 0.5089528 0.5592665 0.1384767 -0.1553029 0.0418969 0.9772153
1341846326.826821 1.0156075 0.5012816 0.5649731 0.1168763 -0.1479370 0.0351133 0.9814386
1341846326.895360 1.0121418 0.5118649 0.5840249 0.1101719 -0.1485611 0.0363427 0.9820748
1341846326.958888 1.0205047 0.5095494 0.5854988 0.1091514 -0.1553509 0.0412561 0.9809434
1341846326.994594 1.0146512 0.5495318 0.5851798 0.1147574 -0.1533295 0.0420890 0.9805862
1341846327.063945 1.0263677 0.5643794 0.6000521 0.1102958 -0.1511035 0.0360535 0.9816836
1341846327.128901 1.0147768 0.5842696 0.6013855 0.1095609 -0.1475458 0.0314879 0.9824638
1341846327.193867 1.0207740 0.5787844 0.6015539 0.1040476 -0.1470345 0.0280954 0.9832424
1341846327.262014 0.9443772 0.5848379 0.5606133 0.1024803 -0.1225725 0.0199243 0.9869533
1341846327.294023 0.8959009 0.5898873 0.5482195 0.1065610 -0.1029112 0.0143766 0.9888617
1341846327.361939 0.8041099 0.5970142 0.5146852 0.1023213 -0.0695434 0.0071631 0.9922917
1341846327.393887 0.7683457 0.6132543 0.4968660 0.1031913 -0.0611080 0.0013153 0.9927818
1341846327.429966 0.7446670 0.6262286 0.4722304 0.0996094 -0.0576728 -0.0001304 0.9933538
1341846327.461965 0.7351283 0.6172939 0.4547612 0.0876082 -0.0611940 -0.0065257 0.9942523
1341846327.497931 0.7145038 0.6001883 0.4443262 0.0781273 -0.0580401 -0.0122837 0.9951767
1341846327.530068 0.6702803 0.6045747 0.4311460 0.0752353 -0.0500324 -0.0107606 0.9958517
1341846327.561895 0.6226369 0.6116433 0.4307100 0.0728918 -0.0444993 -0.0081383 0.9963134
1341846327.598010 0.6079661 0.6113305 0.4267132 0.0726669 -0.0458098 -0.0051784 0.9962902
1341846327.629945 0.6207839 0.6142272 0.4228543 0.0697473 -0.0536389 -0.0045050 0.9961114
1341846327.662003 0.5868647 0.6094159 0.4133414 0.0690888 -0.0505426 -0.0097453 0.9962817
1341846327.697919 0.5559410 0.6204731 0.3994143 0.0692514 -0.0457737 -0.0084265 0.9965129
1341846327.730075 0.5235358 0.6213450 0.3835884 0.0613247 -0.0411092 -0.0104291 0.9972164
1341846327.766017 0.4908913 0.6300154 0.3740840 0.0575036 -0.0352627 -0.0098183 0.9976740
1341846327.797917 0.4409658 0.6448387 0.3694283 0.0532534 -0.0274087 -0.0103211 0.9981514
1341846327.830054 0.4370298 0.6456543 0.3680359 0.0451131 -0.0265019 -0.0099321 0.9985809
1341846327.865944 0.4405733 0.6480302 0.3709806 0.0405550 -0.0253513 -0.0100474 0.9988051
1341846327.929991 0.4386585 0.6648187 0.3753489 0.0322338 -0.0252304 -0.0112385 0.9990987
1341846327.998073 0.4366121 0.6709017 0.3721655 0.0186929 -0.0224505 -0.0187243 0.9993978
1341846328.065993 0.4340199 0.6668051 0.3732887 0.0062147 -0.0199574 -0.0193952 0.9995934
1341846328.133967 0.4243214 0.6500050 0.3691955 0.0063891 -0.0195368 -0.0143376 0.9996859
1341846328.198018 0.4314620 0.6343979 0.3625661 0.0051612 -0.0267993 -0.0150229 0.9995146
1341846328.265899 0.4330235 0.6203205 0.3554465 0.0112673 -0.0307010 -0.0141182 0.9993654
1341846328.302051 0.4075577 0.6187214 0.3624824 0.0171922 -0.0270009 -0.0154217 0.9993685
1341846328.333917 0.3765095 0.5982412 0.3689179 0.0193074 -0.0232573 -0.0144218 0.9994390
1341846328.366008 0.3406668 0.5904574 0.3801025 0.0281578 -0.0182923 -0.0183932 0.9992669
1341846328.402010 0.2924969 0.5740096 0.3772582 0.0405593 -0.0087296 -0.0181054 0.9989749
1341846328.433920 0.2656386 0.5612472 0.3744392 0.0442542 -0.0076637 -0.0193576 0.9988033
1341846328.470003 0.2304032 0.5583131 0.3835953 0.0474360 -0.0026975 -0.0275055 0.9984919
1341846328.502194 0.1888350 0.5599905 0.3907766 0.0540422 0.0062347 -0.0353549 0.9978931
1341846328.534033 0.1469316 0.5511719 0.3942337 0.0574514 0.0159738 -0.0396985 0.9974308
1341846328.570125 0.1002248 0.5350987 0.3986338 0.0596442 0.0232679 -0.0383800 0.9972102
1341846328.602804 0.0658736 0.5095246 0.3984245 0.0634132 0.0221981 -0.0339194 0.9971637
1341846328.636433 0.0298710 0.5072454 0.3980443 0.0714862 0.0208475 -0.0385752 0.9964773
1341846328.672663 -0.0020460 0.5183504 0.4080278 0.0808356 0.0207185 -0.0432922 0.9955713
1341846328.702975 0.0004116 0.5073276 0.4146307 0.0841971 0.0171043 -0.0438686 0.9953361
1341846328.738215 0.0082444 0.4943228 0.4251274 0.0902336 0.0135386 -0.0474568 0.9946972
1341846328.770129 -0.0104557 0.4849587 0.4183116 0.0929275 0.0149350 -0.0464101 0.9944785
1341846328.802331 -0.0113248 0.4810033 0.4166746 0.0963783 0.0121532 -0.0469348 0.9941633
1341846328.869939 0.0055575 0.4889827 0.4168260 0.1045123 0.0060655 -0.0498308 0.9932559
1341846328.904486 -0.0116111 0.4866773 0.4242112 0.1025303 0.0062627 -0.0513740 0.9933826
1341846328.939814 0.0002512 0.4775749 0.4204808 0.1088109 0.0016074 -0.0525835 0.9926694
1341846328.970217 -0.0187640 0.4706037 0.4138910 0.1113028 0.0025100 -0.0472405 0.9926599
1341846329.006232 -0.0129875 0.4711885 0.4135499 0.1144278 -0.0010929 -0.0428682 0.9925056
1341846329.038243 -0.0198952 0.4637204 0.4150797 0.1195283 -0.0009642 -0.0437090 0.9918677
1341846329.106125 -0.0132065 0.4677483 0.4087607 0.1236293 -0.0025585 -0.0446463 0.9913203
1341846329.138340 -0.0189033 0.4586912 0.4040452 0.1258903 -0.0023442 -0.0464664 0.9909526
1341846329.208656 -0.0143917 0.4561958 0.3920720 0.1298041 -0.0048156 -0.0487065 0.9903309
1341846329.238169 -0.0136723 0.4499313 0.3870744 0.1284182 -0.0057996 -0.0486944 0.9905069
1341846329.306052 -0.0172334 0.4474335 0.3831097 0.1293806 -0.0087457 -0.0492602 0.9903321
1341846329.338104 -0.0169560 0.4515569 0.3793842 0.1266830 -0.0094498 -0.0517604 0.9905468
1341846329.442057 -0.0202522 0.4142165 0.3695655 0.1227968 -0.0116078 -0.0601470 0.9905395
1341846329.506147 -0.0170772 0.4034826 0.3625042 0.1231082 -0.0153526 -0.0679659 0.9899441
1341846329.606387 -0.0260809 0.3896095 0.3503280 0.1279544 -0.0197596 -0.0711912 0.9890243
1341846329.681570 -0.0352454 0.3575406 0.3464057 0.1231689 -0.0233454 -0.0698888 0.9896464
1341846329.748113 -0.0331203 0.3613019 0.3422772 0.1273763 -0.0229968 -0.0723228 0.9889469
1341846329.810175 -0.0372553 0.3416410 0.3394201 0.1260700 -0.0200840 -0.0674432 0.9895223
1341846330.048192 -0.0442290 0.3293148 0.3257227 0.1233235 -0.0194119 -0.0523066 0.9907969
1341846330.347868 -0.0563373 0.3137888 0.3168457 0.1028770 -0.0188344 -0.0476772 0.9933723
1341846330.483903 -0.0519144 0.3168052 0.3158287 0.1058850 -0.0223703 -0.0468145 0.9930239
1341846330.619992 -0.0713876 0.3136551 0.3002914 0.0993965 -0.0250207 -0.0414377 0.9938698
1341846330.683796 -0.0563426 0.2933204 0.2986720 0.0858197 -0.0282296 -0.0442215 0.9949284
1341846330.914111 -0.0805241 0.3102438 0.2685527 0.0759017 -0.0462575 -0.0357208 0.9954010
1341846331.082139 -0.0924160 0.2997060 0.2572415 0.0731485 -0.0578864 -0.0386939 0.9948875
1341846331.149989 -0.0989548 0.2896610 0.2563808 0.0716284 -0.0600453 -0.0411490 0.9947717
1341846331.218151 -0.0958624 0.3094684 0.2458544 0.0760511 -0.0649631 -0.0414032 0.9941236
1341846331.318141 -0.1931013 0.2982141 0.2283849 0.0829223 -0.0405915 -0.0464980 0.9946427
1341846331.382003 -0.2013159 0.2727932 0.2269540 0.0842900 -0.0286972 -0.0585052 0.9943082
1341846331.450327 -0.2647752 0.3196365 0.2430349 0.0986689 -0.0055618 -0.0466675 0.9940099
1341846331.518344 -0.2665889 0.3251684 0.2415983 0.0981419 -0.0023003 -0.0471969 0.9940500
1341846331.617931 -0.2770202 0.3285257 0.2545777 0.1022537 0.0056698 -0.0488176 0.9935436
1341846331.686123 -0.2975157 0.3432606 0.2635764 0.1078019 0.0137419 -0.0461427 0.9930059
1341846331.754076 -0.3124572 0.3270409 0.2901038 0.1001951 0.0171141 -0.0455661 0.9937765
1341846331.818053 -0.3223423 0.3210003 0.3012349 0.1014918 0.0227838 -0.0473829 0.9934461
1341846331.922014 -0.3865155 0.3101318 0.3300498 0.1038013 0.0410576 -0.0521831 0.9923792
1341846331.986135 -0.4269738 0.3100676 0.3526009 0.1087393 0.0571006 -0.0502769 0.9911547
1341846332.054175 -0.4448255 0.3288747 0.3639440 0.1246747 0.0625127 -0.0496291 0.9889820
1341846332.153983 -0.4735547 0.3405596 0.3788654 0.1266682 0.0681849 -0.0538522 0.9881325
1341846332.222699 -0.5320406 0.3265642 0.4185637 0.1165596 0.0779786 -0.0536965 0.9886606
1341846332.289948 -0.5746719 0.3301937 0.4305862 0.1215935 0.0848766 -0.0525621 0.9875466
