1341846313.553992 0.000000000 0.000000000 0.000000000 0.000000000 0.000000000 0.000000000 1.000000000
1341846313.592026 0.009004603 0.001109829 0.002586842 -0.000201897 -0.000475013 -0.001157814 0.999999166
1341846313.622103 0.012437279 -0.001582448 0.000034666 -0.001030967 -0.001120476 0.001882940 0.999997079
1341846313.654184 0.017205108 -0.003060345 0.001437462 -0.001967747 -0.003916249 0.004547629 0.999980032
1341846313.686156 0.022979997 -0.002056402 0.001817036 -0.000503012 -0.005954119 0.003806790 0.999974906
1341846313.721918 0.035845775 0.001108862 -0.004564681 -0.000076859 -0.007679753 0.005191991 0.999957025
1341846313.753994 0.038898192 0.002697089 -0.000749990 -0.000272621 -0.007818322 0.006226213 0.999949992
1341846313.789969 0.039429676 0.005535757 0.000798345 0.001305465 -0.007597641 0.004325708 0.999960899
1341846313.822075 0.035756081 0.007405470 -0.000042897 0.001426603 -0.005158337 0.002040445 0.999983609
1341846313.853928 0.029154291 0.011258109 0.001145919 0.001565172 -0.000604615 0.000608589 0.999998391
1341846313.890011 0.013088009 0.008865438 -0.002721969 0.000804133 0.004907339 0.000916674 0.999987245
1341846313.922055 -0.011728683 0.010003032 -0.011467153 -0.001066883 0.010208513 0.001604077 0.999945998
1341846313.957927 -0.025556186 0.014195267 -0.005227589 -0.002274206 0.018528059 -0.000096335 0.999825776
1341846313.990058 -0.052888665 0.019896885 -0.007494359 -0.002186824 0.030437073 0.000584736 0.999534130
1341846314.022042 -0.078492641 0.006693553 -0.011938639 -0.007755671 0.036577865 0.004938446 0.999288499
1341846314.057816 -0.092473008 0.016590448 -0.001548251 -0.008798867 0.042870898 0.004861973 0.999030054
1341846314.089801 -0.117442884 0.022566805 0.002252240 -0.006695902 0.053647175 0.003348595 0.998531878
1341846314.122037 -0.134173453 0.016799219 0.000939395 -0.009516029 0.060598373 0.006398610 0.998096347
1341846314.157989 -0.148111492 0.024815248 0.009970568 -0.009625359 0.067573912 0.006509487 0.997646570
1341846314.190094 -0.170945019 0.028814150 -0.003072031 -0.009237584 0.075552046 0.007225602 0.997072875
1341846314.225969 -0.185036778 0.035294965 -0.005220228 -0.010850552 0.080467358 0.009646939 0.996651530
1341846314.257923 -0.181243584 0.043843646 0.005907793 -0.010755190 0.082891732 0.008803288 0.996461630
1341846314.290052 -0.210274488 0.053693976 -0.005657485 -0.007750705 0.089076698 0.007547779 0.995966017
1341846314.325981 -0.226838171 0.063545272 -0.007405853 -0.007474460 0.094303787 0.004460138 0.995505393
1341846314.357905 -0.217731550 0.070466742 0.000311397 -0.006720362 0.096875668 0.003537103 0.995267510
1341846314.389899 -0.220758855 0.068422146 0.005673112 -0.005741770 0.100665256 0.003653613 0.994897068
1341846314.427905 -0.229278192 0.073570907 0.001658002 -0.005913027 0.104918487 0.000474649 0.994463146
1341846314.458114 -0.247153148 0.085147567 0.003503158 -0.003600613 0.114375919 -0.001436390 0.993429959
1341846314.493987 -0.254910409 0.078525282 -0.007590310 -0.003147108 0.120322980 -0.005184294 0.992716312
1341846314.526085 -0.249769032 0.076982647 -0.007180795 -0.003818254 0.122576535 -0.006924602 0.992427528
1341846314.558292 -0.247068971 0.075961314 0.003043618 -0.005168409 0.126398310 -0.006452318 0.991945088
1341846314.594085 -0.289409518 0.084526330 0.005165540 -0.001756878 0.138992622 -0.006712578 0.990269125
1341846314.626096 -0.321142435 0.087238804 -0.007016610 -0.001147699 0.148247257 -0.005216859 0.988935888
1341846314.658455 -0.350822061 0.090307921 -0.015471736 -0.002715303 0.155893326 -0.006793998 0.987746775
1341846314.694004 -0.307659954 0.092106260 0.001005268 -0.001634052 0.154302403 -0.008477744 0.987985969
1341846314.725910 -0.307080835 0.092765890 -0.000768754 0.003700547 0.157084778 -0.004137146 0.987569511
1341846314.761942 -0.294097513 0.091844574 -0.003631637 0.006887668 0.155385360 -0.000002393 0.987829924
1341846314.794030 -0.330078840 0.108972259 -0.006054317 0.012764724 0.164694518 -0.001087584 0.986261427
1341846314.826092 -0.345126063 0.110121623 -0.019172160 0.014837445 0.171656549 0.000022584 0.985045135
1341846314.862145 -0.353666604 0.121770591 -0.016184669 0.016854741 0.177966788 -0.000877277 0.983891726
1341846314.894072 -0.356180608 0.124764524 -0.017896779 0.017583232 0.182881385 0.000708785 0.982977450
1341846314.925969 -0.368457735 0.125362784 -0.022769900 0.018057378 0.187750697 0.005320258 0.982036293
1341846314.961937 -0.388363242 0.121487416 -0.030502450 0.014012793 0.192115605 0.011589946 0.981203794
1341846314.994564 -0.392795801 0.134392396 -0.032723270 0.013370311 0.194668666 0.009895521 0.980728030
1341846315.029900 -0.410536617 0.148662224 -0.027813025 0.015616286 0.202098057 0.006161422 0.979221404
1341846315.061965 -0.414475232 0.146602005 -0.030651353 0.015051620 0.204849020 0.010330282 0.978623331
1341846315.094388 -0.403441161 0.154119581 -0.029903248 0.016788663 0.202345848 0.009405995 0.979125023
1341846315.129851 -0.432174832 0.151533425 -0.027981486 0.017859530 0.208524153 0.009710117 0.977805912
1341846315.161941 -0.451452106 0.147099912 -0.036315806 0.013644446 0.211809933 0.014190526 0.977112591
1341846315.197984 -0.452006310 0.167577863 -0.036416382 0.010114263 0.209997937 0.009341501 0.977604866
1341846315.230076 -0.470564485 0.181032911 -0.035524540 0.008978543 0.213123515 0.005702823 0.976967335
1341846315.262069 -0.462177843 0.151610926 -0.035277341 0.000854836 0.209931940 0.010942589 0.977654338
1341846315.298000 -0.472237796 0.172994241 -0.031586360 0.003917751 0.208721727 0.012547884 0.977886736
1341846315.329931 -0.473426640 0.199938521 -0.032298300 0.013316847 0.208092809 0.012091632 0.977943659
1341846315.361981 -0.494882762 0.195581421 -0.032403100 0.017430846 0.211578026 0.014781487 0.977093875
1341846315.397962 -0.513923526 0.215457976 -0.031747468 0.024332233 0.215072587 0.016763812 0.976150990
1341846315.429923 -0.528291821 0.227336153 -0.027190972 0.029251372 0.220128387 0.017236227 0.974879861
1341846315.466047 -0.541093647 0.227965578 -0.020585919 0.030607942 0.227567390 0.019298339 0.973089814
1341846315.497883 -0.545951903 0.224843964 -0.022132250 0.029112443 0.230618879 0.022917395 0.972338498
1341846315.530008 -0.563920498 0.228470325 -0.017748987 0.030105220 0.235344455 0.024046848 0.971147954
1341846315.566108 -0.563343048 0.216433510 -0.015273327 0.026792554 0.237223163 0.025561919 0.970749140
1341846315.597986 -0.557970345 0.229575455 -0.015197395 0.029052258 0.237627089 0.023656407 0.970633686
1341846315.630109 -0.573695004 0.235418200 -0.008030050 0.030273560 0.241925284 0.022250716 0.969567180
1341846315.666042 -0.577302277 0.239939794 -0.013698857 0.029727159 0.243847564 0.021202711 0.969125926
1341846315.698114 -0.572562277 0.222352371 -0.011775560 0.020251814 0.247359842 0.021378124 0.968476057
1341846315.733985 -0.580875695 0.226826474 -0.005831478 0.020238092 0.250722617 0.023115875 0.967571318
1341846315.766041 -0.567582250 0.218654767 -0.009842274 0.019138966 0.245793119 0.024279730 0.968829155
1341846315.798188 -0.531494975 0.212014884 -0.018325735 0.016408019 0.238952443 0.023409192 0.970610380
1341846315.834140 -0.524823427 0.214724690 -0.008002558 0.018416541 0.240717277 0.022419419 0.970161498
1341846315.866751 -0.537855327 0.217339456 -0.003050580 0.021129105 0.244064435 0.021155644 0.969297945
1341846315.898492 -0.531048179 0.216253325 -0.008260947 0.022105047 0.242818281 0.021216312 0.969587803
1341846315.936901 -0.501606345 0.209843427 -0.013206886 0.023844376 0.238928199 0.020736558 0.970522940
1341846315.966572 -0.509786367 0.204316765 -0.010894912 0.026672021 0.241251439 0.020040313 0.969889045
1341846316.002119 -0.515817642 0.200827599 -0.014157808 0.027561719 0.241155311 0.019467076 0.969899714
1341846316.034204 -0.511466622 0.204469576 -0.020767540 0.029975398 0.239384875 0.017958913 0.970295727
1341846316.066113 -0.512343228 0.207608014 -0.019169146 0.033228260 0.238715976 0.019044844 0.970333874
1341846316.101867 -0.509488702 0.207110554 -0.021451315 0.034107462 0.235708833 0.020231379 0.971014261
1341846316.134066 -0.500524104 0.201762572 -0.021598728 0.031593513 0.230385020 0.017527508 0.972428620
1341846316.169952 -0.508774936 0.211471513 -0.022841735 0.033535134 0.228410184 0.015535755 0.972863197
1341846316.202049 -0.495540619 0.209634557 -0.018194303 0.033449166 0.223038033 0.014724464 0.974124432
1341846316.233979 -0.485840887 0.211576015 -0.027803954 0.033780206 0.219344974 0.012762675 0.974978864
1341846316.270052 -0.496258795 0.207307696 -0.029485401 0.031314462 0.221263856 0.009255768 0.974667132
1341846316.301915 -0.462218195 0.208714575 -0.025988976 0.032490939 0.216488853 0.007148712 0.975718081
1341846316.334208 -0.461855114 0.208981484 -0.011254077 0.034070343 0.215065479 0.010020620 0.975953698
1341846316.370006 -0.462425023 0.204224691 -0.015994580 0.035526440 0.212711126 0.010157285 0.976416230
1341846316.401994 -0.448195249 0.194650978 -0.039840296 0.035872653 0.207653224 0.012622729 0.977463007
1341846316.438069 -0.437490493 0.192004085 -0.039249506 0.038239282 0.204515085 0.014955967 0.978001833
1341846316.470076 -0.431977332 0.187449783 -0.039025281 0.042919140 0.201868922 0.019430542 0.978278756
1341846316.502034 -0.415741205 0.179463580 -0.056519754 0.041988064 0.194608361 0.019913325 0.979779601
1341846316.537975 -0.382570386 0.171200290 -0.058030110 0.037281316 0.185436130 0.018336542 0.981777668
1341846316.570121 -0.373894840 0.175465316 -0.047667779 0.038826495 0.183914602 0.016052868 0.982043922
1341846316.601885 -0.333502889 0.166733712 -0.048159257 0.039073002 0.175511569 0.014534068 0.983594298
1341846316.638009 -0.323943138 0.166333556 -0.038171250 0.041682925 0.172128156 0.015290555 0.984073460
1341846316.669925 -0.293350160 0.159392744 -0.035980117 0.042603698 0.165271699 0.014200885 0.985225141
1341846316.705941 -0.283353806 0.156224683 -0.030660497 0.046494875 0.162938952 0.014526659 0.985432923
1341846316.738062 -0.279291928 0.152152166 -0.037470013 0.047862802 0.160426781 0.016957950 0.985740781
1341846316.770433 -0.254246920 0.145680264 -0.042354714 0.045095179 0.153782815 0.016932862 0.986929834
1341846316.805932 -0.246218935 0.148971379 -0.032309212 0.047280971 0.152281418 0.015911281 0.987077355
1341846316.838029 -0.218337432 0.145643294 -0.029591026 0.047897864 0.144236952 0.016719349 0.988241851
1341846316.870034 -0.208460525 0.128533095 -0.023782330 0.045835521 0.138643906 0.019213786 0.989094436
1341846316.906344 -0.182002127 0.108349614 -0.027615963 0.042735942 0.129897743 0.019579118 0.990412474
1341846316.937940 -0.200538442 0.125394687 -0.029739013 0.045541666 0.131201833 0.016638491 0.990169287
1341846316.973994 -0.191218033 0.120245442 -0.027748780 0.043638650 0.126351103 0.016464453 0.990888476
1341846317.005913 -0.176440701 0.112046205 -0.026844377 0.041404657 0.120227404 0.017634990 0.991725802
1341846317.037936 -0.169653788 0.110306956 -0.022423692 0.041808270 0.115682893 0.018021977 0.992242277
1341846317.073972 -0.171524778 0.104916260 -0.026219273 0.042270239 0.113599509 0.020530980 0.992414653
1341846317.106113 -0.137170881 0.094755128 -0.013046851 0.043011148 0.105574548 0.021475850 0.993248641
1341846317.137887 -0.114108235 0.074258208 -0.011662642 0.042518955 0.094047226 0.027667986 0.994274437
1341846317.173970 -0.114165373 0.075778909 -0.016396817 0.043790739 0.086000785 0.030350329 0.994869351
1341846317.205887 -0.127902403 0.083173044 -0.020680320 0.045312051 0.084697731 0.031940911 0.994863272
1341846317.248131 -0.110359579 0.078627117 -0.021213483 0.045926787 0.077489153 0.034281731 0.995344639
1341846317.273950 -0.109277181 0.078081802 -0.027049730 0.046650343 0.071930818 0.035966419 0.995668709
1341846317.306289 -0.112548374 0.083881944 -0.029913820 0.048428115 0.069361322 0.038540784 0.995669782
1341846317.348137 -0.110496819 0.080489419 -0.028407883 0.049129322 0.069359452 0.040330283 0.995564699
1341846317.373974 -0.120158598 0.083531782 -0.035479043 0.050701436 0.070344090 0.043494005 0.995283544
1341846317.410120 -0.129935741 0.090369597 -0.040130485 0.052815031 0.068846829 0.046163943 0.995158076
1341846317.442569 -0.117867880 0.087415479 -0.046136398 0.055529542 0.066560179 0.050790928 0.994940460
1341846317.474010 -0.117624961 0.085402273 -0.051191393 0.060943488 0.065564066 0.053603377 0.994542062
1341846317.509927 -0.115799144 0.101081468 -0.070508197 0.065867208 0.059776802 0.055590827 0.994483709
1341846317.542282 -0.101866104 0.085137129 -0.065808639 0.061666984 0.054604482 0.058540773 0.994881153
1341846317.573943 -0.109539896 0.090208456 -0.063638121 0.063408025 0.056451142 0.058222458 0.994687319
1341846317.610159 -0.110601768 0.094628565 -0.066150941 0.067386381 0.057177193 0.059386723 0.994315386
1341846317.643553 -0.100504525 0.092324913 -0.079970062 0.068186216 0.052079134 0.061905846 0.994387269
1341846317.677993 -0.093750030 0.086780429 -0.076332651 0.068123773 0.046708036 0.063815281 0.994537652
1341846317.709996 -0.099742368 0.099991918 -0.085286207 0.073116712 0.043858189 0.062914617 0.994370222
1341846317.741834 -0.081923433 0.093050592 -0.091477223 0.070297532 0.038294811 0.062894337 0.994804502
1341846317.777923 -0.075171560 0.090616211 -0.091393448 0.067997336 0.034910884 0.061713081 0.995162845
1341846317.810021 -0.059832275 0.084707484 -0.090264879 0.066274554 0.029386839 0.059858598 0.995570719
1341846317.841886 -0.043805998 0.076830596 -0.092550129 0.063036010 0.024548121 0.056936935 0.996083319
1341846317.878017 -0.037771087 0.081468485 -0.085921273 0.062030759 0.023101395 0.053542383 0.996369302
1341846317.909910 -0.027044246 0.080093525 -0.079993024 0.061160516 0.021936264 0.048299089 0.996717334
1341846317.946031 -0.015562594 0.077743709 -0.075946666 0.062128942 0.019783884 0.048821982 0.996676981
1341846317.978041 0.011346298 0.073609740 -0.066532478 0.063624874 0.012522295 0.047904443 0.996744812
1341846318.009897 0.003908786 0.076250434 -0.069810055 0.066504002 0.013887709 0.046331428 0.996613145
1341846318.045949 0.014991914 0.068588816 -0.071356796 0.064749382 0.012023473 0.044570241 0.996833205
1341846318.078074 0.051232252 0.064164333 -0.060998097 0.063221753 0.002516658 0.041226014 0.997144461
1341846318.109894 0.069643550 0.060544718 -0.056420676 0.062447615 -0.005737938 0.037071321 0.997343004
1341846318.145957 0.061381184 0.059069674 -0.056183051 0.061273485 -0.006896781 0.035843708 0.997453392
1341846318.178001 0.068988077 0.060795188 -0.056416802 0.061099093 -0.008997994 0.032385733 0.997565567
1341846318.214074 0.087942965 0.057466291 -0.050454348 0.061105896 -0.015414586 0.031234745 0.997523367
1341846318.245970 0.108221546 0.057451595 -0.041049920 0.064135440 -0.025834968 0.030751163 0.997132719
1341846318.278018 0.109449394 0.057351783 -0.042551592 0.067937657 -0.031652506 0.031085869 0.996702731
1341846318.313937 0.140012056 0.053220741 -0.041088272 0.068168484 -0.045845669 0.031111695 0.996134162
1341846318.345989 0.140826479 0.056992911 -0.035593789 0.070823260 -0.055590589 0.030415736 0.995474041
1341846318.382046 0.141557440 0.056130350 -0.034458619 0.072604485 -0.063250609 0.030007942 0.994900763
1341846318.414072 0.156231448 0.058535136 -0.037902504 0.074382007 -0.074349813 0.030955011 0.993972480
1341846318.446035 0.158153847 0.057233375 -0.039207242 0.076446295 -0.082089327 0.030762170 0.993212461
1341846318.482196 0.157776073 0.058520623 -0.038402550 0.077591144 -0.084147416 0.030295352 0.992965758
1341846318.514144 0.165990263 0.047088556 -0.032463253 0.075463958 -0.088194683 0.029805701 0.992793262
1341846318.546259 0.160780311 0.050920807 -0.029767293 0.078298032 -0.089422807 0.029740702 0.992465854
1341846318.582042 0.172939643 0.058616873 -0.041222747 0.080397196 -0.092628956 0.030526886 0.991980016
1341846318.614115 0.176239073 0.049287722 -0.043763291 0.078149796 -0.095270187 0.030506860 0.991910040
1341846318.650038 0.180559963 0.045904707 -0.047623973 0.077455334 -0.098533742 0.030994264 0.991630554
1341846318.682350 0.174449548 0.056418180 -0.057849124 0.079830833 -0.098735146 0.032179464 0.991384327
1341846318.714063 0.171945840 0.050335754 -0.067063384 0.077969730 -0.100841254 0.032451559 0.991311610
1341846318.749905 0.160862103 0.055876482 -0.069723800 0.080344521 -0.099931024 0.034787416 0.991134882
1341846318.782036 0.152648389 0.066468500 -0.081806019 0.083868846 -0.101183727 0.038490288 0.990578771
1341846318.814121 0.145978242 0.073428564 -0.092688344 0.085336693 -0.107348472 0.038575497 0.989800930
1341846318.850072 0.123902962 0.073051050 -0.097337611 0.086225912 -0.111080788 0.037689798 0.989346087
1341846318.883516 0.113598786 0.074579030 -0.112643354 0.089904360 -0.118493892 0.036565270 0.988200068
1341846318.918047 0.103053823 0.079329647 -0.111861944 0.092678845 -0.130488932 0.038381573 0.986362040
1341846318.950044 0.097104199 0.074711271 -0.107017033 0.094649442 -0.140229270 0.032121684 0.985061109
1341846318.982028 0.103414722 0.075774111 -0.116266511 0.096063294 -0.145816281 0.029179299 0.984204233
1341846319.018123 0.101132773 0.078971453 -0.118803814 0.095698245 -0.152217656 0.032250706 0.983174205
1341846319.050745 0.099129073 0.078997605 -0.109068401 0.098378174 -0.158479199 0.029741172 0.981998742
1341846319.081905 0.080845676 0.076978102 -0.108924992 0.103660367 -0.155725196 0.027990617 0.981947422
1341846319.117976 0.056283433 0.080188245 -0.124374680 0.105233371 -0.153103888 0.034188457 0.981996059
1341846319.150093 0.022000682 0.071983442 -0.129937872 0.105464287 -0.153623059 0.041659489 0.981601596
1341846319.186069 0.004676472 0.079460286 -0.141566649 0.107978627 -0.153114721 0.041696172 0.981406093
1341846319.218149 -0.032419618 0.084074214 -0.158769265 0.104621790 -0.143247262 0.038740531 0.983378708
1341846319.250034 -0.063098304 0.085808970 -0.156703681 0.100079983 -0.134326965 0.039544228 0.985076904
1341846319.286594 -0.100578852 0.092972882 -0.155793473 0.099576227 -0.126859963 0.043168575 0.985965312
1341846319.318034 -0.135507464 0.095428087 -0.161034256 0.100791186 -0.121931151 0.046822775 0.986296892
1341846319.350268 -0.171660066 0.080280691 -0.169722527 0.099150710 -0.117123142 0.053566471 0.986702561
1341846319.386163 -0.180877060 0.072866224 -0.181639865 0.098394729 -0.121096529 0.064014882 0.985675514
1341846319.418386 -0.197014719 0.084146358 -0.174764469 0.102006622 -0.124970675 0.065126672 0.984751463
1341846319.453961 -0.242032409 0.090052843 -0.197691575 0.103733607 -0.120127067 0.060425241 0.985473275
1341846319.486271 -0.278820425 0.092056550 -0.205493882 0.103576675 -0.115407668 0.058086526 0.986194134
1341846319.518456 -0.295281112 0.101797991 -0.207357481 0.100925617 -0.118204348 0.063397288 0.985810578
1341846319.554083 -0.284735650 0.096120983 -0.183005318 0.099004813 -0.123553798 0.059464376 0.985594451
1341846319.586296 -0.284871846 0.096542284 -0.187958837 0.098960839 -0.124057345 0.058464117 0.985595465
1341846319.622031 -0.295481175 0.089308687 -0.191844344 0.096102044 -0.127299353 0.058210719 0.985479951
1341846319.653962 -0.311328083 0.091451898 -0.178154349 0.096786618 -0.130963475 0.056293748 0.985044122
1341846319.686352 -0.307775736 0.087360173 -0.174897760 0.097801663 -0.136519894 0.059031963 0.984028637
1341846319.721992 -0.307690173 0.089162983 -0.184095219 0.098285757 -0.141052738 0.061178684 0.983209670
1341846319.754063 -0.307693988 0.103485771 -0.191762552 0.096725449 -0.143942803 0.061307766 0.982937455
1341846319.786397 -0.309835285 0.096125752 -0.183717147 0.091297336 -0.144608960 0.065182373 0.983109474
1341846319.822008 -0.311003089 0.092166126 -0.196477503 0.086444587 -0.145549372 0.070489824 0.983043194
1341846319.853917 -0.312285781 0.088495918 -0.191003963 0.080880217 -0.147244707 0.074804917 0.982945383
1341846319.889942 -0.302744597 0.079463609 -0.171684206 0.077142529 -0.150840104 0.081011169 0.982208490
1341846319.922039 -0.305858612 0.066744290 -0.168667510 0.074878328 -0.155657932 0.083890840 0.981389880
1341846319.953946 -0.313440442 0.069881402 -0.167877808 0.076948524 -0.159892574 0.077871121 0.981045067
1341846319.990054 -0.321934313 0.072772361 -0.166558042 0.080752037 -0.161534086 0.070907481 0.980998456
1341846320.028122 -0.307591677 0.067130677 -0.162691727 0.081705056 -0.167886227 0.072706796 0.979720473
1341846320.054177 -0.307727426 0.064455457 -0.157691345 0.084794484 -0.173076406 0.071707167 0.978627861
1341846320.090047 -0.305986226 0.082100049 -0.172179431 0.088905901 -0.174041316 0.069542624 0.978248000
1341846320.122011 -0.305702120 0.085650340 -0.172299013 0.090359226 -0.170971692 0.068377964 0.978738129
1341846320.157952 -0.307554156 0.088757187 -0.173861980 0.091056809 -0.166970417 0.068319559 0.979368150
1341846320.190003 -0.310027987 0.093527973 -0.167922810 0.094874553 -0.161971420 0.063969925 0.980138719
1341846320.221941 -0.297943681 0.091823839 -0.166112915 0.098747186 -0.159585491 0.064557388 0.980109096
1341846320.258015 -0.265389860 0.085031778 -0.170388564 0.101190694 -0.162040472 0.067355379 0.979268372
1341846320.289887 -0.185003936 0.065103650 -0.151155874 0.102838337 -0.173781410 0.070258714 0.976876676
1341846320.321954 -0.135185882 0.060059354 -0.140078634 0.110418595 -0.180304870 0.069696464 0.974905252
1341846320.357890 -0.107598111 0.083161913 -0.138405070 0.118297122 -0.182448328 0.069258876 0.973612666
1341846320.390064 -0.074580289 0.094181150 -0.142848119 0.120572165 -0.182229266 0.067367472 0.973507285
1341846320.426544 -0.003260050 0.092176378 -0.116422318 0.123722993 -0.183030710 0.060989667 0.973382056
1341846320.458122 0.062813319 0.091589078 -0.102971941 0.124180086 -0.183476806 0.057647236 0.973443568
1341846320.490186 0.140647396 0.087898716 -0.070223637 0.127157688 -0.185713753 0.054591473 0.972810924
1341846320.525911 0.187798783 0.104783356 -0.063273817 0.133273840 -0.182596594 0.050706070 0.972792625
1341846320.558091 0.246501282 0.101155415 -0.034893654 0.134464309 -0.185741752 0.045714244 0.972280562
1341846320.594093 0.294771016 0.111304022 -0.019011075 0.136869580 -0.186022297 0.039962146 0.972144783
1341846320.631955 0.341635138 0.108315140 0.008588358 0.140153214 -0.184552863 0.038132057 0.972030461
1341846320.664916 0.361606836 0.102330588 0.006478271 0.139426157 -0.183669403 0.036661576 0.972358882
1341846320.699927 0.356994450 0.127497971 0.018802585 0.143533379 -0.179467395 0.034133725 0.972637892
1341846320.731822 0.395880550 0.136166975 0.041515190 0.147353381 -0.177861303 0.032507110 0.972417414
1341846320.763877 0.415733814 0.152540579 0.054305986 0.147328451 -0.178558946 0.034796074 0.972214103
1341846320.799999 0.437311590 0.147264823 0.061585575 0.140441209 -0.182744890 0.029703481 0.972624421
1341846320.831871 0.452953547 0.149813637 0.079294801 0.143889785 -0.172769800 0.022390166 0.974138081
1341846320.863887 0.465229422 0.156089589 0.087713614 0.142795786 -0.167566910 0.027132278 0.975086927
1341846320.900014 0.502201796 0.142784610 0.094294406 0.133923218 -0.176290989 0.029062266 0.974752009
1341846320.931889 0.540451050 0.133183688 0.130017966 0.134605035 -0.181029022 0.025067274 0.973900199
1341846320.967866 0.591679096 0.146546736 0.133299604 0.135566115 -0.182836875 0.023747619 0.973462164
1341846321.000017 0.614357531 0.146679506 0.152737707 0.130935818 -0.185192809 0.020893978 0.973716021
1341846321.031860 0.661882401 0.133931965 0.163510010 0.127180398 -0.189889118 0.015306819 0.973413050
1341846321.068047 0.691543400 0.139471203 0.176795110 0.129013568 -0.189362422 0.012007452 0.973320723
1341846321.099840 0.721695244 0.146572486 0.197434649 0.128470927 -0.192290545 0.012570625 0.972811162
1341846321.131821 0.755902886 0.137908041 0.217713490 0.127744362 -0.194792420 0.010877698 0.972429395
1341846321.167887 0.787107706 0.140666485 0.234526321 0.131500706 -0.195269719 0.012539393 0.971812785
1341846321.200042 0.805386961 0.149136111 0.237425357 0.132311493 -0.195095897 0.012389209 0.971739590
1341846321.231950 0.801369131 0.155022532 0.242544755 0.133219674 -0.192624092 0.010563066 0.972130120
1341846321.267939 0.825912178 0.146476537 0.228261545 0.132678390 -0.191661432 0.003811524 0.972444236
1341846321.299948 0.850253344 0.151106805 0.247250661 0.133294359 -0.190663263 -0.002077476 0.972561479
1341846321.331858 0.861889064 0.164086238 0.280551851 0.137644351 -0.189636424 -0.005439817 0.972143233
1341846321.367913 0.900176227 0.152146533 0.293040991 0.138906598 -0.191375956 -0.011948711 0.971564412
1341846321.399897 0.917464197 0.164877668 0.305839211 0.142941222 -0.188689381 -0.012109534 0.971502721
1341846321.435994 0.908821523 0.169180661 0.317425489 0.145946264 -0.183858782 -0.012617116 0.971975565
1341846321.467946 0.933888793 0.168451592 0.327478975 0.147930995 -0.184535652 -0.012174843 0.971552789
1341846321.499882 0.964402735 0.175713301 0.348290592 0.150898948 -0.185197055 -0.012338157 0.970968246
1341846321.536109 1.031645656 0.171077833 0.343597889 0.149888232 -0.187467679 -0.016145259 0.970633149
1341846321.568960 1.000667930 0.208790228 0.366253167 0.153558224 -0.177452698 -0.018134378 0.971906126
1341846321.603938 0.999891818 0.202195004 0.369418204 0.150124267 -0.174244672 -0.019722486 0.972991526
1341846321.637163 1.057486296 0.201598361 0.369029373 0.146940276 -0.174907237 -0.021290924 0.973325551
1341846321.668306 1.028521776 0.218848497 0.374814838 0.144961268 -0.163107187 -0.018832309 0.975719035
1341846321.704411 1.013513327 0.221549645 0.374853909 0.141179651 -0.161266536 -0.010653093 0.976702571
1341846321.736861 1.036947131 0.221050814 0.380807459 0.138797507 -0.166438639 -0.004059000 0.976225853
1341846321.771881 1.050212860 0.229183972 0.383358002 0.135542244 -0.167082638 -0.000638760 0.976581395
1341846321.804114 1.061696649 0.227865607 0.392929226 0.131220683 -0.166075334 0.000990447 0.977342904
1341846321.836152 1.065990806 0.238178223 0.400624931 0.130002990 -0.164393306 0.000688625 0.977790177
1341846321.871882 1.069069028 0.247897863 0.405672163 0.126713619 -0.162953064 -0.003273027 0.978457570
1341846321.904074 1.078029275 0.236230940 0.406706125 0.119591981 -0.161966681 -0.008092498 0.979489207
1341846321.939847 1.080513358 0.233324513 0.415930510 0.116413608 -0.158998504 -0.011610199 0.980322659
1341846322.004094 1.071646571 0.229829714 0.411590964 0.109282717 -0.159780324 -0.012801426 0.981001377
1341846322.034203 1.082564592 0.217597857 0.418019712 0.106760338 -0.159369171 -0.015562718 0.981306016
1341846322.066178 1.082059264 0.209779009 0.417854846 0.103596143 -0.154956490 -0.018033030 0.982309103
1341846322.107979 1.077679634 0.183948413 0.415669382 0.098688133 -0.152598724 -0.019686041 0.983151436
1341846322.133980 1.078786254 0.164986670 0.418736488 0.099028811 -0.152319968 -0.021276837 0.983127236
1341846322.166164 1.076676011 0.161084533 0.414586008 0.100574151 -0.153169125 -0.018364677 0.982897162
1341846322.202932 1.084423065 0.153560892 0.416234791 0.101125851 -0.156496331 -0.018138861 0.982320428
1341846322.234093 1.085113764 0.144052491 0.409385353 0.099349633 -0.157735169 -0.020703431 0.982252836
1341846322.265941 1.080725551 0.133028641 0.414378673 0.096084662 -0.160343632 -0.019750079 0.982174933
1341846322.301996 1.090269446 0.106904753 0.414494634 0.091755711 -0.163081974 -0.019786362 0.982137322
1341846322.333949 1.072376370 0.085788861 0.401079178 0.088670410 -0.162540615 -0.019608464 0.982513905
1341846322.369871 1.094609022 0.043444145 0.410839915 0.085526384 -0.170967907 -0.023364542 0.981279433
1341846322.402292 1.102893472 0.018392943 0.414299220 0.086246744 -0.169601664 -0.030100577 0.981269956
1341846322.433955 1.081792355 -0.018614868 0.402937233 0.088357076 -0.165976241 -0.032828376 0.981614590
1341846322.470030 1.076819658 -0.022371830 0.408931881 0.096175313 -0.170054734 -0.027521683 0.980343938
1341846322.502433 1.089872122 -0.046135616 0.410032153 0.099447645 -0.174903721 -0.023241976 0.979274571
1341846322.534002 1.099687219 -0.078834869 0.411338389 0.104214437 -0.176475078 -0.019367052 0.978581011
1341846322.570196 1.100227714 -0.092122458 0.409059316 0.112413481 -0.177309990 -0.014623012 0.977604449
1341846322.601920 1.086250067 -0.087797269 0.413902342 0.118416809 -0.179183200 -0.010308657 0.976608694
1341846322.638119 1.102987170 -0.126023188 0.415540904 0.119623691 -0.184096366 -0.011634384 0.975532353
1341846322.669947 1.104125381 -0.144301891 0.417047024 0.122296728 -0.180634469 -0.011266632 0.975852311
1341846322.702026 1.096489429 -0.149220034 0.413581759 0.125565365 -0.178919196 -0.007530079 0.975789189
1341846322.738006 1.099543691 -0.145970494 0.414828897 0.126919284 -0.181720927 -0.006234847 0.975105166
1341846322.770087 1.108912587 -0.211758062 0.410921752 0.119203739 -0.181841239 -0.007646197 0.976045966
1341846322.806047 1.094401836 -0.210606158 0.413643509 0.123980582 -0.181079835 -0.003728430 0.975615203
1341846322.838063 1.085558891 -0.215436012 0.409413487 0.124871798 -0.184120983 -0.001683917 0.974937797
1341846322.870081 1.089035511 -0.237103954 0.420661926 0.125140652 -0.190025732 -0.000842214 0.973770678
1341846322.906018 1.103133678 -0.245176926 0.422844738 0.129117563 -0.192793995 -0.000312527 0.972707093
1341846322.938349 1.101343274 -0.217829257 0.428325206 0.132743075 -0.192038491 0.001324352 0.972367585
1341846322.970069 1.101218939 -0.228472084 0.426955491 0.126787663 -0.192166969 0.001843559 0.973135829
1341846323.011820 1.106448293 -0.251214325 0.432585746 0.122538254 -0.192611307 0.001628030 0.973592639
1341846323.038050 1.093325615 -0.249048308 0.434104979 0.122421816 -0.190948874 0.003732589 0.973928928
1341846323.073951 1.094438910 -0.250461251 0.433240771 0.119199134 -0.191311240 0.005376955 0.974249780
1341846323.105962 1.092464089 -0.283601522 0.436014444 0.113456540 -0.191016346 0.004188424 0.974998891
1341846323.138158 1.092911005 -0.284974307 0.435699344 0.114603281 -0.191131577 0.000812321 0.974850833
1341846323.174092 1.094767809 -0.278335243 0.437095374 0.114191316 -0.192083940 -0.000021732 0.974712312
1341846323.206059 1.100838304 -0.301912427 0.436004460 0.109000780 -0.192670584 -0.003538328 0.975184262
1341846323.238053 1.106862307 -0.302792400 0.441784143 0.107152417 -0.190395907 -0.005647678 0.975825727
1341846323.273997 1.088803887 -0.307236612 0.429700524 0.102421314 -0.188584715 -0.005456119 0.976686180
1341846323.305946 1.093223810 -0.324143827 0.436047435 0.095644973 -0.192719266 -0.006031565 0.976562798
1341846323.342027 1.115928769 -0.340294510 0.444929093 0.093463019 -0.192565754 -0.007192611 0.976796448
1341846323.374048 1.099975824 -0.340112656 0.440261841 0.094697870 -0.188473836 -0.004563569 0.977491200
1341846323.405987 1.104617238 -0.357974350 0.436237693 0.091802359 -0.194398165 0.001579284 0.976616204
1341846323.441956 1.099532247 -0.359938413 0.448182046 0.094077237 -0.197162464 0.002374182 0.975843608
1341846323.473878 1.099807262 -0.373208582 0.441052109 0.097825564 -0.195024699 0.001756945 0.975905955
1341846323.506129 1.101082921 -0.367474824 0.436584830 0.100982524 -0.195774674 -0.000394745 0.975435674
1341846323.541972 1.105716705 -0.373731911 0.442554832 0.099227510 -0.196135804 -0.002871406 0.975539029
1341846323.573913 1.135171652 -0.392216831 0.440939009 0.099581286 -0.194637105 -0.009081393 0.975765049
1341846323.609927 1.117868304 -0.396210909 0.439771712 0.100298092 -0.187041923 -0.011020661 0.977156162
1341846323.642014 1.102010250 -0.404531926 0.436109692 0.099125475 -0.184459835 -0.011124344 0.977765322
1341846323.674081 1.099285483 -0.421936691 0.435233891 0.097172685 -0.185872480 -0.008043288 0.977723956
1341846323.710069 1.103983760 -0.437919974 0.432502478 0.097603552 -0.187756002 -0.004514593 0.977343798
1341846323.742111 1.101107955 -0.449777663 0.431109518 0.102114156 -0.189665690 -0.003653950 0.976517379
1341846323.774928 1.108499169 -0.458025247 0.434666187 0.103500605 -0.192741707 -0.004305532 0.975766182
1341846323.810012 1.103102446 -0.442201912 0.439097553 0.108461805 -0.193240225 -0.007194133 0.975111544
1341846323.842207 1.103650808 -0.452777863 0.434918910 0.109872885 -0.192954838 -0.012610506 0.974955082
1341846323.878019 1.100620866 -0.456353426 0.432086438 0.111982919 -0.193587512 -0.014980998 0.974555910
1341846323.909826 1.103536844 -0.487423599 0.428577095 0.113072656 -0.195507035 -0.019392671 0.973968923
1341846323.942459 1.101024747 -0.474246353 0.428630799 0.118197136 -0.195387259 -0.017581288 0.973418832
1341846323.978055 1.088312149 -0.482272983 0.424978793 0.119687006 -0.197094619 -0.017143700 0.972900212
1341846324.015934 1.108080149 -0.477920204 0.427795470 0.124158993 -0.201135561 -0.014236436 0.971558690
1341846324.047722 1.111905336 -0.466931373 0.429803282 0.128349498 -0.199686125 -0.014533567 0.971308708
1341846324.083904 1.108376741 -0.455281198 0.431738943 0.128944203 -0.198060066 -0.014505978 0.971563220
1341846324.115968 1.108352780 -0.462787241 0.431030214 0.125983104 -0.196156740 -0.018152306 0.972276330
1341846324.151967 1.111926913 -0.458674043 0.429003596 0.126549363 -0.193432689 -0.023455789 0.972635031
1341846324.183941 1.108062863 -0.439555794 0.428816140 0.125655472 -0.189097434 -0.027350152 0.973501325
1341846324.219984 1.098998070 -0.441563457 0.431355298 0.120541185 -0.186682343 -0.026930584 0.974625170
1341846324.251968 1.094487786 -0.438997030 0.428199440 0.120740347 -0.185960367 -0.027554229 0.974721134
1341846324.284052 1.093010664 -0.429990590 0.429207742 0.121303342 -0.186844155 -0.028678386 0.974449754
1341846324.319880 1.097242475 -0.419439018 0.422609359 0.119941697 -0.190624312 -0.029830584 0.973851383
1341846324.351917 1.098266721 -0.379851997 0.429781437 0.120300345 -0.193706721 -0.031181620 0.973156333
1341846324.388001 1.105539322 -0.381731212 0.427220583 0.116188228 -0.193527445 -0.036945254 0.973489821
1341846324.419908 1.102719069 -0.368602127 0.430437714 0.111987762 -0.191270754 -0.040684767 0.974278688
1341846324.452027 1.099367619 -0.360169321 0.434847564 0.108637251 -0.191078067 -0.040405717 0.974707365
1341846324.487928 1.095488906 -0.355876714 0.437246501 0.106414817 -0.191205993 -0.038532276 0.975003242
1341846324.519985 1.088411689 -0.342004091 0.434507787 0.104685135 -0.192933798 -0.033428546 0.975038528
1341846324.556001 1.087452888 -0.328341365 0.433417886 0.102003478 -0.197641030 -0.030751713 0.974467874
1341846324.587888 1.091358423 -0.314463913 0.435808510 0.098972976 -0.200768307 -0.030751385 0.974141061
1341846324.620086 1.087877631 -0.312653929 0.434072256 0.096668594 -0.202575117 -0.034374639 0.973877251
1341846324.655955 1.092845678 -0.300534576 0.434577048 0.095840268 -0.203749985 -0.035468478 0.973674834
1341846324.688082 1.064683795 -0.308647394 0.443497241 0.092248738 -0.201043352 -0.034522504 0.974617839
1341846324.755922 1.076240897 -0.241466984 0.430933625 0.099326871 -0.205248028 -0.028903484 0.973227620
1341846324.782029 1.078276515 -0.214719132 0.434736282 0.100193784 -0.209992662 -0.031133307 0.972057104
1341846324.814016 1.095371842 -0.182057008 0.434253961 0.100446925 -0.211257949 -0.034587044 0.971639931
1341846324.849979 1.083655477 -0.168344080 0.431917697 0.096423775 -0.206949517 -0.038634203 0.972821534
1341846324.881924 1.070057154 -0.139858782 0.441516072 0.097254090 -0.207253173 -0.037372503 0.972723544
1341846324.913902 1.072253466 -0.123187147 0.445904672 0.097264662 -0.208645359 -0.035406783 0.972498357
1341846324.949999 1.063495278 -0.105704837 0.440705240 0.101098329 -0.206904069 -0.033465233 0.972548187
1341846324.981922 1.066780448 -0.101283416 0.450887918 0.103324421 -0.211981729 -0.026425159 0.971436799
1341846325.018013 1.090872526 -0.066303194 0.440883964 0.112263739 -0.219942689 -0.021511508 0.968792737
1341846325.050079 1.069985151 -0.065110780 0.438733906 0.110718429 -0.222009018 -0.024888037 0.968418300
1341846325.081901 1.092783332 -0.000581778 0.440461338 0.119566701 -0.229446888 -0.025445437 0.965614021
1341846325.118531 1.085770607 0.000041318 0.448268205 0.112884872 -0.229199573 -0.031601638 0.966294944
1341846325.149933 1.077648878 -0.004972440 0.447457850 0.106636964 -0.225693464 -0.033934910 0.967749655
1341846325.181925 1.070693374 0.036153212 0.438438773 0.110615894 -0.222962052 -0.032563277 0.967983305
1341846325.218055 1.064063191 0.018813930 0.448397428 0.101717785 -0.222952753 -0.029444477 0.969060659
1341846325.249811 1.074409604 0.045934189 0.442626417 0.104028299 -0.224296674 -0.027561994 0.968560457
1341846325.285925 1.065083265 0.044269871 0.449275970 0.097759180 -0.223511711 -0.024433911 0.969478548
1341846325.317988 1.027558088 0.032893904 0.443661928 0.094198853 -0.214497715 -0.023509137 0.971887171
1341846325.349844 1.065535903 0.033295292 0.457235694 0.096381485 -0.216531843 -0.019802367 0.971304536
1341846325.387302 1.022774458 0.061698705 0.445378065 0.104606777 -0.207189754 -0.017618915 0.972532451
1341846325.417931 1.070947051 0.054598317 0.450414568 0.104011551 -0.208973140 -0.013928814 0.972274542
1341846325.450747 1.054685950 0.076407723 0.445483238 0.114080265 -0.198833346 -0.010439385 0.973315001
1341846325.485954 1.067685843 0.083247721 0.469192564 0.120232448 -0.195517331 -0.005524961 0.973286510
1341846325.517875 1.057830811 0.116164371 0.461133808 0.129493639 -0.191693634 -0.006981760 0.972849488
1341846325.553859 1.069763899 0.107817188 0.469615608 0.128714323 -0.190131873 -0.003403948 0.973278463
1341846325.585855 1.063435435 0.147856101 0.452620655 0.134779215 -0.185602352 -0.004850862 0.973325670
1341846325.617990 1.069589019 0.175192207 0.473860741 0.135307610 -0.185732096 -0.004997510 0.973226845
1341846325.653982 1.044435859 0.154128149 0.456671804 0.130304441 -0.179611295 -0.008921245 0.975028694
1341846325.685819 1.046733618 0.153831154 0.472908109 0.135764867 -0.179669634 -0.006753849 0.974290013
1341846325.717857 1.035733461 0.179610357 0.473510802 0.143905699 -0.177786902 0.000595487 0.973489940
1341846325.754083 1.050202608 0.182839990 0.471891701 0.143750340 -0.180203557 0.006199562 0.973048866
1341846325.786087 1.026488543 0.166261584 0.455743462 0.146121532 -0.174922422 0.006633220 0.973656356
1341846325.821856 1.052911043 0.232189119 0.486918390 0.158773974 -0.178839818 0.011227571 0.970917642
1341846325.853827 1.036310077 0.275102347 0.482605845 0.166521177 -0.176351994 0.014210994 0.970035434
1341846325.885958 1.037355304 0.274106026 0.479633749 0.162007228 -0.180039018 0.022572992 0.969963968
1341846325.921984 1.043977618 0.304136038 0.511220217 0.167815894 -0.185333833 0.024635607 0.967926800
1341846325.953899 1.044152379 0.277341008 0.496472359 0.162323818 -0.183985889 0.026011318 0.969083905
1341846325.985823 1.042982340 0.341348886 0.522412300 0.175172657 -0.182795927 0.031863824 0.966894448
1341846326.021991 1.030125856 0.318020403 0.506682456 0.170721382 -0.180771843 0.037830967 0.967855692
1341846326.054055 1.032208562 0.373157561 0.501174867 0.183894277 -0.181111217 0.040805798 0.965254605
1341846326.089984 1.020683169 0.398748517 0.518213928 0.187562048 -0.177692965 0.041299868 0.965163231
1341846326.121822 1.016210914 0.446118802 0.526389062 0.196233988 -0.173175201 0.040845752 0.964279056
1341846326.154079 1.024814367 0.400524855 0.528265178 0.186931148 -0.172835365 0.039849591 0.966228068
1341846326.190178 1.015198231 0.441061616 0.523977935 0.194979176 -0.171474412 0.044686072 0.964667141
1341846326.222162 1.006826401 0.447242469 0.520033658 0.190427855 -0.172604099 0.048937857 0.965168417
1341846326.259181 0.984197676 0.468380660 0.499875337 0.187463135 -0.169007272 0.055167392 0.966049016
1341846326.291222 1.009233236 0.460359037 0.530090153 0.182448417 -0.176356122 0.050618175 0.965944529
1341846326.322766 1.022161841 0.461991727 0.526531518 0.176905274 -0.175731421 0.051957920 0.967017829
1341846326.359773 1.012140274 0.462506771 0.539086461 0.173020348 -0.174326852 0.044733815 0.968335152
1341846326.392109 1.024551034 0.478625238 0.549336970 0.174964517 -0.173424199 0.049174991 0.967932522
1341846326.423985 0.998079896 0.476904929 0.518069506 0.176276207 -0.168242142 0.053732887 0.968366683
1341846326.459869 1.006887436 0.500703752 0.550404072 0.179813817 -0.175258487 0.056447461 0.966315210
1341846326.491143 1.013708591 0.523003399 0.541243315 0.182707727 -0.175162256 0.061562035 0.965477228
1341846326.526163 1.015734911 0.551551640 0.558987677 0.184511021 -0.173414975 0.053688563 0.965919495
1341846326.560211 1.037342191 0.588474393 0.604356349 0.186381981 -0.176286429 0.060528494 0.964635253
1341846326.591828 1.037711978 0.543642104 0.578458190 0.173051164 -0.172906712 0.056707609 0.967957020
1341846326.627027 1.037840962 0.490588814 0.571789145 0.160840467 -0.170354694 0.052395966 0.970754504
1341846326.658442 1.037678957 0.532673895 0.586035907 0.163581550 -0.167113930 0.055740673 0.970673501
1341846326.694856 1.013689756 0.506999075 0.562959969 0.153076500 -0.158879474 0.050239895 0.974064112
1341846326.726206 1.014484763 0.517678499 0.555984020 0.147594288 -0.157507837 0.046224024 0.975331008
1341846326.762753 1.026210070 0.508952856 0.559266388 0.138476744 -0.155302897 0.041896921 0.977215350
1341846326.794046 1.029042721 0.512307227 0.564596534 0.130594850 -0.152340531 0.039133552 0.978879929
1341846326.826821 1.015607476 0.501281559 0.564972997 0.116876312 -0.147937015 0.035113279 0.981438577
1341846326.858887 1.031286597 0.526762724 0.597353816 0.116382442 -0.151813403 0.037680294 0.980809867
1341846326.895360 1.012141705 0.511864901 0.584024787 0.110171854 -0.148561150 0.036342658 0.982074797
1341846326.926897 1.020062447 0.514935076 0.583319843 0.110810921 -0.153803989 0.037911136 0.981136084
1341846326.958888 1.020504713 0.509549439 0.585498810 0.109151423 -0.155350864 0.041256092 0.980943441
1341846326.994594 1.014650941 0.549531758 0.585179746 0.114757426 -0.153329521 0.042089038 0.980586171
1341846327.026301 0.997273445 0.550687432 0.582825661 0.110299058 -0.148327023 0.038471401 0.982014894
1341846327.063945 1.026367664 0.564379275 0.600052059 0.110295750 -0.151103541 0.036053546 0.981683612
1341846327.094662 1.011394739 0.579946041 0.590221167 0.111779384 -0.146305189 0.033026997 0.982348919
1341846327.128901 1.014776826 0.584269702 0.601385593 0.109560907 -0.147545800 0.031487890 0.982463837
1341846327.161940 0.995168984 0.592620611 0.580340803 0.108268827 -0.144051835 0.027558487 0.983243346
1341846327.193867 1.020774007 0.578784406 0.601553798 0.104047582 -0.147034541 0.028095381 0.983242393
1341846327.229885 0.991362393 0.589061499 0.579366326 0.105456449 -0.137129545 0.024047025 0.984629989
1341846327.262014 0.944377065 0.584837794 0.560613275 0.102480270 -0.122572549 0.019924318 0.986953259
1341846327.294023 0.895900786 0.589887321 0.548219442 0.106560968 -0.102911174 0.014376556 0.988861620
1341846327.330015 0.871327400 0.605771184 0.525291741 0.108732373 -0.088570289 0.012780716 0.990034997
1341846327.361939 0.804109871 0.597014189 0.514685154 0.102321267 -0.069543369 0.007163092 0.992291689
1341846327.393887 0.768345654 0.613254309 0.496866077 0.103191301 -0.061108004 0.001315314 0.992781758
1341846327.429966 0.744666994 0.626228690 0.472230434 0.099609390 -0.057672791 -0.000130409 0.993353844
1341846327.461965 0.735128164 0.617293835 0.454761147 0.087608181 -0.061193977 -0.006525704 0.994252264
1341846327.497931 0.714503825 0.600188434 0.444326192 0.078127347 -0.058040109 -0.012283738 0.995176673
1341846327.530068 0.670280397 0.604574680 0.431145936 0.075235263 -0.050032429 -0.010760563 0.995851696
1341846327.561895 0.622636855 0.611643314 0.430710018 0.072891764 -0.044499304 -0.008138273 0.996313393
1341846327.598010 0.607966185 0.611330509 0.426713228 0.072666906 -0.045809757 -0.005178447 0.996290207
1341846327.629945 0.620783925 0.614227295 0.422854304 0.069747314 -0.053638946 -0.004504978 0.996111393
1341846327.662003 0.586864710 0.609415948 0.413341373 0.069088757 -0.050542649 -0.009745332 0.996281683
1341846327.697919 0.555940986 0.620473087 0.399414301 0.069251433 -0.045773681 -0.008426466 0.996512890
1341846327.730075 0.523535788 0.621344924 0.383588344 0.061324708 -0.041109245 -0.010429138 0.997216403
1341846327.766017 0.490891278 0.630015433 0.374083996 0.057503611 -0.035262689 -0.009818337 0.997673988
1341846327.797917 0.440965801 0.644838750 0.369428307 0.053253364 -0.027408661 -0.010321094 0.998151422
1341846327.830054 0.437029809 0.645654321 0.368035942 0.045113090 -0.026501875 -0.009932148 0.998580873
1341846327.865944 0.440573305 0.648030162 0.370980561 0.040554974 -0.025351327 -0.010047402 0.998805106
1341846327.898010 0.424706519 0.661578417 0.378133655 0.038544275 -0.021954561 -0.009962006 0.998965979
1341846327.929991 0.438658476 0.664818823 0.375348896 0.032233786 -0.025230356 -0.011238461 0.999098659
1341846327.966065 0.434574544 0.672473550 0.369558364 0.027541867 -0.023529591 -0.015034609 0.999230564
1341846327.998073 0.436612070 0.670901775 0.372165412 0.018692862 -0.022450514 -0.018724298 0.999397814
1341846328.034045 0.424267113 0.679217160 0.372241944 0.013453405 -0.018799350 -0.022978321 0.999468684
1341846328.065993 0.434019893 0.666804969 0.373288721 0.006214678 -0.019957354 -0.019395228 0.999593377
1341846328.098045 0.423678011 0.661962569 0.379029363 0.006305770 -0.017863961 -0.018250864 0.999653935
1341846328.133967 0.424321443 0.650004983 0.369195491 0.006389104 -0.019536845 -0.014337617 0.999685884
1341846328.166023 0.402140617 0.648794770 0.366953701 0.005693726 -0.018744975 -0.014164881 0.999707758
1341846328.198018 0.431461930 0.634397864 0.362566054 0.005161185 -0.026799336 -0.015022902 0.999514639
1341846328.234044 0.407201916 0.630193949 0.365053862 0.009295132 -0.024067383 -0.018378580 0.999498188
1341846328.265899 0.433023483 0.620320439 0.355446488 0.011267262 -0.030700983 -0.014118194 0.999365389
1341846328.302051 0.407557666 0.618721426 0.362482339 0.017192198 -0.027000891 -0.015421665 0.999368548
1341846328.333917 0.376509517 0.598241150 0.368917912 0.019307412 -0.023257310 -0.014421787 0.999439001
1341846328.366008 0.340666771 0.590457320 0.380102515 0.028157758 -0.018292278 -0.018393205 0.999266863
1341846328.402010 0.292496949 0.574009597 0.377258182 0.040559322 -0.008729575 -0.018105431 0.998974919
1341846328.433920 0.265638620 0.561247110 0.374439240 0.044254217 -0.007663690 -0.019357642 0.998803318
1341846328.470003 0.230403215 0.558313012 0.383595318 0.047436021 -0.002697482 -0.027505474 0.998491824
1341846328.502194 0.188835010 0.559990585 0.390776604 0.054042168 0.006234690 -0.035354935 0.997893095
1341846328.534033 0.146931589 0.551171899 0.394233733 0.057451434 0.015973814 -0.039698500 0.997430801
1341846328.570125 0.100224786 0.535098732 0.398633778 0.059644215 0.023267923 -0.038379978 0.997210145
1341846328.602804 0.065873645 0.509524822 0.398424506 0.063413210 0.022198129 -0.033919442 0.997163713
1341846328.636433 0.029870978 0.507245481 0.398044288 0.071486235 0.020847468 -0.038575232 0.996477306
1341846328.672663 -0.002046006 0.518350422 0.408027798 0.080835566 0.020718539 -0.043292213 0.995571256
1341846328.702975 0.000411575 0.507327557 0.414630622 0.084197104 0.017104283 -0.043868650 0.995336056
1341846328.738215 0.008244386 0.494322777 0.425127387 0.090233609 0.013538596 -0.047456846 0.994697154
1341846328.770129 -0.010455714 0.484958738 0.418311566 0.092927501 0.014935027 -0.046410143 0.994478524
1341846328.802331 -0.011324779 0.481003344 0.416674554 0.096378267 0.012153154 -0.046934821 0.994163275
1341846328.838051 -0.006121712 0.488506854 0.417536914 0.104336612 0.009476958 -0.051092453 0.993183553
1341846328.869939 0.005557531 0.488982707 0.416826010 0.104512326 0.006065515 -0.049830776 0.993255913
1341846328.904486 -0.011611150 0.486677408 0.424211234 0.102530293 0.006262735 -0.051373981 0.993382633
1341846328.939814 0.000251199 0.477574885 0.420480847 0.108810894 0.001607441 -0.052583508 0.992669404
1341846328.970217 -0.018763993 0.470603734 0.413891047 0.111302763 0.002509977 -0.047240496 0.992659926
1341846329.006232 -0.012987462 0.471188456 0.413549840 0.114427790 -0.001092881 -0.042868230 0.992505610
1341846329.038243 -0.019895175 0.463720381 0.415079653 0.119528331 -0.000964155 -0.043709017 0.991867721
1341846329.072238 -0.024686662 0.460580140 0.409449190 0.122620225 -0.000017329 -0.042966995 0.991523087
1341846329.106125 -0.013206536 0.467748225 0.408760697 0.123629294 -0.002558510 -0.044646256 0.991320312
1341846329.138340 -0.018903313 0.458691120 0.404045165 0.125890315 -0.002344248 -0.046466351 0.990952551
1341846329.169991 -0.015700258 0.472057760 0.398793429 0.130982488 -0.003919172 -0.046723552 0.990275264
1341846329.208656 -0.014391689 0.456195801 0.392072022 0.129804090 -0.004815563 -0.048706524 0.990330935
1341846329.238169 -0.013672288 0.449931353 0.387074381 0.128418237 -0.005799592 -0.048694450 0.990506947
1341846329.273827 -0.008554693 0.440838128 0.388255894 0.127465144 -0.007775504 -0.047552470 0.990671992
1341846329.306052 -0.017233385 0.447433561 0.383109689 0.129380599 -0.008745741 -0.049260207 0.990332067
1341846329.338104 -0.016956009 0.451556891 0.379384160 0.126682952 -0.009449796 -0.051760390 0.990546823
1341846329.373907 -0.003944568 0.449949920 0.385268480 0.126584902 -0.012164804 -0.052774373 0.990476251
1341846329.405985 -0.018124053 0.426141113 0.374321938 0.125291839 -0.011654328 -0.056585144 0.990436375
1341846329.442057 -0.020252177 0.414216459 0.369565457 0.122796781 -0.011607759 -0.060147021 0.990539491
1341846329.473950 -0.018171409 0.416019171 0.366936088 0.124231823 -0.012995825 -0.065722071 0.989988983
1341846329.506147 -0.017077183 0.403482497 0.362504214 0.123108149 -0.015352600 -0.067965850 0.989944100
1341846329.542121 -0.033084538 0.410076022 0.352372080 0.123242564 -0.015389415 -0.069167957 0.989843547
1341846329.574086 -0.030158838 0.386206299 0.359458357 0.124567762 -0.018658778 -0.069831103 0.989574850
1341846329.606387 -0.026080964 0.389609456 0.350327969 0.127954364 -0.019759588 -0.071191154 0.989024282
1341846329.641955 -0.041258812 0.376259744 0.349831164 0.125492096 -0.018634189 -0.071658373 0.989327848
1341846329.681570 -0.035245411 0.357540548 0.346405655 0.123168930 -0.023345439 -0.069888756 0.989646375
1341846329.748113 -0.033120334 0.361301869 0.342277229 0.127376258 -0.022996752 -0.072322801 0.988946855
1341846329.774077 -0.041729555 0.336738288 0.336788058 0.123025537 -0.019878807 -0.070220955 0.989716411
1341846329.810175 -0.037255254 0.341641039 0.339420140 0.126069993 -0.020084018 -0.067443177 0.989522338
1341846329.842255 -0.042482171 0.336085916 0.339467525 0.127885446 -0.019556299 -0.063926786 0.989533365
1341846329.874044 -0.038676724 0.336909652 0.338756979 0.131010383 -0.021044295 -0.061078154 0.989273906
1341846329.910073 -0.042262904 0.342732161 0.336449802 0.131588385 -0.020628171 -0.058395378 0.989367962
1341846329.942009 -0.046490785 0.344382226 0.335918665 0.127905861 -0.020870933 -0.052790776 0.990160406
1341846329.978087 -0.047808480 0.311154604 0.329180092 0.123724252 -0.021492233 -0.052789316 0.990678430
1341846330.016305 -0.021928890 0.328789473 0.321815878 0.127918571 -0.023880370 -0.055144925 0.989962459
1341846330.048192 -0.044228975 0.329314768 0.325722665 0.123323463 -0.019411894 -0.052306604 0.990796864
1341846330.080418 -0.044979353 0.313461363 0.321006268 0.119466670 -0.019218782 -0.050091248 0.991387546
1341846330.115886 -0.047680706 0.318805426 0.323932201 0.125740230 -0.017797692 -0.050417706 0.990621388
1341846330.147839 -0.050454114 0.329263538 0.326206684 0.127763107 -0.017904868 -0.047594316 0.990500271
1341846330.181257 -0.046792213 0.322840065 0.315388590 0.120301887 -0.018687284 -0.045804821 0.991504014
1341846330.215852 -0.045426957 0.307812184 0.316210836 0.113275349 -0.017859714 -0.047113866 0.992285252
1341846330.247833 -0.051644668 0.315031588 0.318843961 0.113554858 -0.016602881 -0.046300802 0.992313385
1341846330.283913 -0.059144881 0.332501203 0.315556586 0.112016320 -0.015732666 -0.048478525 0.992398441
1341846330.316011 -0.070391230 0.321806997 0.322853684 0.105839536 -0.014349963 -0.048080459 0.993116498
1341846330.347868 -0.056337271 0.313788772 0.316845626 0.102877021 -0.018834364 -0.047677170 0.993372262
1341846330.383835 -0.050344314 0.318773061 0.318882197 0.102652006 -0.019766813 -0.047588304 0.993381679
1341846330.415934 -0.063686304 0.289579421 0.314118505 0.099148192 -0.016932705 -0.050019182 0.993670464
1341846330.452561 -0.057628427 0.305828005 0.320654243 0.104843572 -0.019125085 -0.049356736 0.993079007
1341846330.483903 -0.051914439 0.316805243 0.315828741 0.105884969 -0.022370324 -0.046814457 0.993023872
1341846330.515970 -0.078367293 0.295848280 0.315046012 0.101307228 -0.020668326 -0.043241713 0.993700027
1341846330.552099 -0.057086535 0.296375841 0.309245318 0.103705004 -0.025459839 -0.042143777 0.993388593
1341846330.583876 -0.067096785 0.311493576 0.306460559 0.103978209 -0.024345228 -0.042053178 0.993391871
1341846330.619992 -0.071387611 0.313655108 0.300291419 0.099396475 -0.025020730 -0.041437708 0.993869841
1341846330.652136 -0.051461723 0.305024803 0.302157670 0.091987148 -0.029374866 -0.042929422 0.994400620
1341846330.683796 -0.056342579 0.293320358 0.298671961 0.085819729 -0.028229553 -0.044221528 0.994928420
1341846330.719991 -0.054868001 0.285619140 0.286451101 0.083200321 -0.031796463 -0.042679779 0.995110631
1341846330.752103 -0.077334903 0.278469503 0.281470001 0.084009156 -0.032913309 -0.038550504 0.995174885
1341846330.787952 -0.040568121 0.292975992 0.266220748 0.086132787 -0.044269808 -0.034256764 0.994709909
1341846330.819823 -0.075932525 0.304640055 0.282693237 0.087518319 -0.042589039 -0.035839420 0.994606614
1341846330.852208 -0.059527580 0.311866015 0.275157779 0.087482393 -0.046664454 -0.033234157 0.994517386
1341846330.888445 -0.055374000 0.304773629 0.262042493 0.080751613 -0.049408432 -0.033055346 0.994959950
1341846330.914111 -0.080524057 0.310243785 0.268552631 0.075901687 -0.046257541 -0.035720773 0.995401025
1341846330.949903 -0.102414630 0.291584373 0.260462970 0.070528828 -0.044190735 -0.037135713 0.995838225
1341846330.981986 -0.086426370 0.295951873 0.261467576 0.071859933 -0.052137099 -0.035629887 0.995413661
1341846331.014111 -0.089565925 0.290360391 0.262960225 0.069399975 -0.055272203 -0.035982136 0.995406389
1341846331.082139 -0.092415974 0.299706012 0.257241458 0.073148482 -0.057886444 -0.038693883 0.994887531
1341846331.114334 -0.111572303 0.316387385 0.251491100 0.075192995 -0.057003479 -0.041176278 0.994686484
1341846331.149989 -0.098954782 0.289660901 0.256380767 0.071628414 -0.060045302 -0.041149031 0.994771659
1341846331.181954 -0.088970020 0.294086635 0.247521713 0.075235546 -0.062636927 -0.042464964 0.994290173
1341846331.218151 -0.095862426 0.309468389 0.245854393 0.076051146 -0.064963058 -0.041403223 0.994123638
1341846331.249914 -0.095662944 0.311857700 0.240975693 0.076286852 -0.065336160 -0.043858081 0.993975818
1341846331.282227 -0.162973598 0.272799373 0.206132084 0.075567760 -0.048424356 -0.051058870 0.994654536
1341846331.318141 -0.193101332 0.298214138 0.228384852 0.082922302 -0.040591452 -0.046497975 0.994642735
1341846331.349926 -0.208312646 0.292535782 0.223044381 0.080959342 -0.035178974 -0.048324544 0.994923472
1341846331.382003 -0.201315865 0.272793263 0.226954028 0.084290028 -0.028697209 -0.058505181 0.994308233
1341846331.418008 -0.222642303 0.322463036 0.226038799 0.098883890 -0.016504128 -0.051480081 0.993629396
1341846331.450327 -0.264775217 0.319636494 0.243034855 0.098668888 -0.005561785 -0.046667520 0.994009912
1341846331.486219 -0.258604795 0.328083038 0.240561426 0.099467248 -0.005592732 -0.045035373 0.994005442
1341846331.518344 -0.266588867 0.325168401 0.241598293 0.098141938 -0.002300299 -0.047196887 0.994049966
1341846331.550202 -0.278702974 0.344162226 0.253599077 0.106088288 0.005134132 -0.048378758 0.993165851
1341846331.586139 -0.261543751 0.329100281 0.244113818 0.103317723 0.002177704 -0.049222939 0.993427277
1341846331.617931 -0.277020246 0.328525603 0.254577726 0.102253668 0.005669795 -0.048817590 0.993543625
1341846331.654027 -0.300951272 0.329101980 0.267585844 0.104028322 0.012648217 -0.049350739 0.993268669
1341846331.686123 -0.297515631 0.343260586 0.263576448 0.107801937 0.013741926 -0.046142712 0.993005931
1341846331.717954 -0.299644202 0.348299265 0.261754274 0.104167759 0.013661632 -0.043942466 0.993494570
1341846331.754076 -0.312457174 0.327040941 0.290103823 0.100195140 0.017114053 -0.045566097 0.993776500
1341846331.785920 -0.334021628 0.328737438 0.297247082 0.103233203 0.023737656 -0.047024593 0.993261337
1341846331.818053 -0.322342306 0.321000278 0.301234931 0.101491824 0.022783753 -0.047382873 0.993446112
1341846331.853849 -0.343653828 0.315996945 0.310736179 0.099687383 0.026876913 -0.048888542 0.993453562
1341846331.885987 -0.402739823 0.298256874 0.325559616 0.099837489 0.042199887 -0.054901641 0.992591262
1341846331.922014 -0.386515498 0.310131848 0.330049783 0.103801258 0.041057646 -0.052183051 0.992379189
1341846331.954037 -0.404577851 0.310631424 0.335977495 0.104305655 0.047835190 -0.053252731 0.991965890
1341846331.986135 -0.426973701 0.310067594 0.352600813 0.108739279 0.057100579 -0.050276913 0.991154611
1341846332.022364 -0.433559537 0.328840494 0.367974252 0.120207794 0.061263431 -0.050146852 0.989586890
1341846332.054175 -0.444825500 0.328874707 0.363943994 0.124674730 0.062512726 -0.049629144 0.988981962
1341846332.086502 -0.459791541 0.320534021 0.363316506 0.124850638 0.064684458 -0.049328454 0.988835156
1341846332.122051 -0.460340947 0.323641896 0.372152179 0.127147466 0.066454142 -0.051273588 0.988326073
1341846332.153983 -0.473554671 0.340559572 0.378865361 0.126668200 0.068184853 -0.053852178 0.988132536
1341846332.190165 -0.514805138 0.335557669 0.401241362 0.119339466 0.075099446 -0.054585058 0.988503277
1341846332.222699 -0.532040596 0.326564193 0.418563724 0.116559573 0.077978566 -0.053696472 0.988660634
1341846332.254145 -0.545340776 0.336651534 0.420465857 0.121009775 0.080556184 -0.054094128 0.987897336
1341846332.289948 -0.574671924 0.330193698 0.430586219 0.121593527 0.084876552 -0.052562125 0.987546563
1341846332.322172 -0.604110837 0.333096921 0.442292899 0.123117819 0.089580908 -0.050715450 0.987038612
1341846332.354003 -0.631544173 0.336823344 0.445093930 0.125770420 0.096258603 -0.051710274 0.986023366
1341846337.482096 0.143199503 0.099288441 -0.183143020 0.062911309 -0.123547338 0.017673664 0.990184784
1341846337.518008 0.123765491 0.086661160 -0.197642431 0.063222095 -0.119724654 0.013705878 0.990697265
1341846337.549978 0.148734286 0.101701871 -0.210812673 0.063780151 -0.123723350 0.012858707 0.990181446
1341846337.585971 0.133781761 0.093367733 -0.185415953 0.060826376 -0.122333393 0.016169006 0.990491450
1341846337.617903 0.127709508 0.087882988 -0.161096320 0.063084930 -0.124034420 0.015699232 0.990146101
1341846337.650141 0.132970840 0.093977779 -0.184819803 0.065030977 -0.123424649 0.015445760 0.990100384
1341846337.686352 0.134295911 0.097309671 -0.187791765 0.063209243 -0.122820035 0.016676219 0.990273595
1341846337.718002 0.141067907 0.094580956 -0.214909166 0.059469286 -0.121633269 0.017914975 0.990630031
1341846337.749920 0.138168588 0.091865845 -0.212300092 0.059180748 -0.118879661 0.017168852 0.990994692
1341846337.786157 0.142168358 0.103607424 -0.234523132 0.055862159 -0.115531899 0.019166272 0.991546512
1341846337.817945 0.129838049 0.107389048 -0.223802388 0.054292053 -0.110562928 0.018889852 0.992205322
1341846337.854071 0.129247725 0.111988649 -0.234140083 0.053388342 -0.106601626 0.018823637 0.992689013
1341846337.885951 0.136890590 0.105625346 -0.240087107 0.049651247 -0.103171721 0.013850910 0.993326962
1341846337.918223 0.137147069 0.119752496 -0.239238456 0.047829490 -0.102163389 0.011276863 0.993553102
1341846337.954120 0.155026913 0.112220965 -0.239899516 0.045142319 -0.104522206 0.009527579 0.993451834
1341846337.985994 0.146935478 0.104704820 -0.230667308 0.040844183 -0.103124812 0.012086943 0.993755996
1341846338.018107 0.139819413 0.106069587 -0.239372179 0.038186282 -0.099879116 0.011477090 0.994200289
1341846338.054055 0.148704782 0.108233608 -0.234749585 0.035822734 -0.104296252 0.008969272 0.993860424
1341846338.085986 0.152395338 0.114100054 -0.241516635 0.032655764 -0.096136808 0.011202266 0.994769216
