1341846313.553992 0.000000000 0.000000000 0.000000000 -0.000000000 -0.000000000 -0.000000000 1.000000000
1341846313.592026 0.008883895 0.001018757 0.002594099 -0.000170241 -0.000451877 -0.001154816 0.999999225
1341846313.622103 0.012315703 -0.001592223 -0.000156354 -0.001084693 -0.001094275 0.001893060 0.999997020
1341846313.654184 0.017327081 -0.003332156 0.001188734 -0.001993317 -0.003948915 0.004592949 0.999979675
1341846313.686156 0.023478996 -0.000905411 0.000450900 -0.000289489 -0.006025566 0.003834694 0.999974489
1341846313.721918 0.032759823 -0.009877455 -0.003142205 -0.002129390 -0.007707174 0.004916755 0.999955952
1341846313.753994 0.036925696 -0.005030282 -0.000539410 -0.001718263 -0.008126668 0.005327759 0.999951303
1341846313.789969 0.036978602 -0.002433051 0.000298396 -0.000127754 -0.007699676 0.003842043 0.999962986
1341846313.822075 0.032524437 -0.002510986 -0.000402464 -0.000453829 -0.005012349 0.001413461 0.999986351
1341846313.853928 0.025883401 0.000108007 0.002207618 -0.000577864 -0.000431168 -0.000017095 0.999999762
1341846313.890011 0.011035422 0.001888961 -0.003508135 -0.000664916 0.004692548 0.000018717 0.999988794
1341846313.922055 -0.008830241 0.002402247 -0.006332276 -0.002881376 0.009790638 0.000472808 0.999947846
1341846313.957927 -0.029368008 0.001307857 -0.010563873 -0.005100918 0.018941591 0.002155366 0.999805272
1341846313.990058 -0.045979492 0.001733430 -0.006477154 -0.006068559 0.028021418 0.002521171 0.999585748
1341846314.022042 -0.070244834 -0.003166567 -0.006912432 -0.009888161 0.034544528 0.004905968 0.999342203
1341846314.057816 -0.094193131 -0.002137968 0.001606889 -0.012615336 0.043350153 0.008123519 0.998947263
1341846314.089801 -0.110315874 -0.002956466 0.008170686 -0.011824987 0.052142262 0.007176750 0.998543859
1341846314.122037 -0.122350976 -0.008934213 0.008839574 -0.014699792 0.058472693 0.009607377 0.998134553
1341846314.157989 -0.149243385 -0.003532085 0.013206457 -0.015239035 0.067684844 0.012093361 0.997517109
1341846314.190094 -0.157521904 -0.003665293 0.015276105 -0.015230837 0.073584594 0.012900761 0.997089267
1341846314.225969 -0.186738715 0.008094613 0.004442561 -0.015484208 0.081417285 0.014678245 0.996451735
1341846314.257923 -0.181246400 0.013847799 0.012806345 -0.015878076 0.083327286 0.014856320 0.996284962
1341846314.290052 -0.186924949 0.019977676 0.014270481 -0.013630060 0.086226210 0.013242577 0.996094346
1341846314.325981 -0.208449557 0.028482378 0.011700737 -0.013529945 0.092235647 0.011316353 0.995580971
1341846314.357905 -0.198501214 0.038249128 0.020421721 -0.012190980 0.094544649 0.010345128 0.995392323
1341846314.389899 -0.210719809 0.039240442 0.021183979 -0.010405543 0.100020498 0.008401631 0.994895518
1341846314.427905 -0.216599539 0.040148307 0.018410288 -0.011252771 0.103766747 0.006502952 0.994516850
1341846314.458114 -0.248950362 0.058139615 0.017124658 -0.008239698 0.115825087 0.003707296 0.993228555
1341846314.493987 -0.247968435 0.052106421 0.007026113 -0.007965618 0.119936660 -0.000145922 0.992749572
1341846314.526085 -0.242930189 0.042706516 0.011443990 -0.009940443 0.122647300 -0.001639860 0.992399216
1341846314.558292 -0.262138158 0.054096811 0.016467564 -0.008541106 0.129555613 -0.002417048 0.991532445
1341846314.594085 -0.263202727 0.053414602 0.014988319 -0.006936785 0.135243714 -0.003041529 0.990783453
1341846314.626096 -0.297384471 0.052869584 0.007647742 -0.007239004 0.145467564 -0.000300363 0.989336491
1341846314.658455 -0.293176085 0.059967317 0.008521145 -0.008170645 0.147749171 -0.002594762 0.988987744
1341846314.694004 -0.287831992 0.079252526 0.012330873 -0.003767563 0.152095050 -0.006283980 0.988338709
1341846314.725910 -0.277114153 0.070587642 0.014089376 -0.000357458 0.153458908 -0.000515532 0.988154888
1341846314.761942 -0.304380178 0.071780615 0.007098803 0.003413702 0.158535495 0.002856624 0.987343252
1341846314.794030 -0.312487513 0.088949032 0.006601721 0.009766730 0.163763821 0.001310651 0.986450434
1341846314.826092 -0.333414882 0.088927075 -0.001115328 0.011729978 0.171785325 0.003309492 0.985059023
1341846314.862145 -0.329808384 0.091014981 -0.005885011 0.012047775 0.175463274 0.003631863 0.984405637
1341846314.894072 -0.357829243 0.100708865 -0.003642101 0.013974408 0.185031921 0.005431536 0.982618153
1341846314.925969 -0.360194176 0.100641437 -0.007979137 0.014195560 0.188135371 0.008571887 0.982003152
1341846314.961937 -0.387816101 0.088258334 -0.009799271 0.008811532 0.193781629 0.015572535 0.980881572
1341846314.994564 -0.389259815 0.097028345 -0.011410765 0.007465910 0.195597604 0.014929280 0.980542183
1341846315.029900 -0.415326953 0.112586379 -0.006046600 0.010026501 0.205038697 0.011636212 0.978633344
1341846315.061965 -0.425061196 0.109403007 -0.008403609 0.009202559 0.209126234 0.015692119 0.977719426
1341846315.094388 -0.410247564 0.116202787 -0.010657107 0.010250714 0.205788538 0.015746189 0.978416085
1341846315.129851 -0.446551353 0.128001139 -0.005942307 0.014464044 0.213517755 0.015016755 0.976716697
1341846315.161941 -0.465021610 0.122696199 -0.014346985 0.010619774 0.216322273 0.020200256 0.976055264
1341846315.197984 -0.474522173 0.132872313 -0.014609737 0.005424310 0.216499135 0.016853740 0.976122260
1341846315.230076 -0.500596106 0.140643984 -0.012964053 0.003445721 0.221055970 0.014409859 0.975148618
1341846315.262069 -0.479031891 0.122711651 -0.016502693 -0.002672053 0.214967400 0.017872818 0.976454079
1341846315.298000 -0.511013031 0.148452863 -0.009666847 0.000911543 0.217767000 0.020225171 0.975790799
1341846315.329931 -0.509037137 0.181188852 -0.010103762 0.011358458 0.216570318 0.018653635 0.976022780
1341846315.361981 -0.517433882 0.166185766 -0.013217030 0.013721706 0.217241988 0.022793751 0.975755215
1341846315.397962 -0.547482133 0.194454014 -0.008453259 0.021924254 0.223425955 0.023018166 0.974202394
1341846315.429923 -0.561472178 0.207968295 -0.002782196 0.026976863 0.228618607 0.022495888 0.972882211
1341846315.466047 -0.573241949 0.192589507 0.004499448 0.025066439 0.235657722 0.026324686 0.971156120
1341846315.497883 -0.582237303 0.189097449 0.002325121 0.024339188 0.239366829 0.031808008 0.970102847
1341846315.530008 -0.571082413 0.199244648 0.004588073 0.025911871 0.239202857 0.030161809 0.970155120
1341846315.566108 -0.599859715 0.194961876 0.010873241 0.025075760 0.246300161 0.033093452 0.968303859
1341846315.597986 -0.611548781 0.198342159 0.015469698 0.025786649 0.249903217 0.032628488 0.967377365
1341846315.630109 -0.596006215 0.194094166 0.015636863 0.024760226 0.248711362 0.031930953 0.967734516
1341846315.666042 -0.612417877 0.198652029 0.018880373 0.024316937 0.253430188 0.031156598 0.966546059
1341846315.698114 -0.618240893 0.191659212 0.024074728 0.016785044 0.258542925 0.029631026 0.965399325
1341846315.733985 -0.617844343 0.180104718 0.032217126 0.013657041 0.261279553 0.032768309 0.964610219
1341846315.766041 -0.617208958 0.191131800 0.021704309 0.016143160 0.257350713 0.033220921 0.965611935
1341846315.798188 -0.626679003 0.193922803 0.025125690 0.014998690 0.258448660 0.031839833 0.965383649
1341846315.834140 -0.571305156 0.179808691 0.006277325 0.013737368 0.250218779 0.032665156 0.967540681
1341846315.866751 -0.597895980 0.196296036 0.011985669 0.019239502 0.256616533 0.030408669 0.965843201
1341846315.898492 -0.605575979 0.193596110 0.017695991 0.020073712 0.258260101 0.030123780 0.965397000
1341846315.936901 -0.591445863 0.189821124 0.006195880 0.022048807 0.256270140 0.029542031 0.965902090
1341846315.966572 -0.592995107 0.197786868 0.007077739 0.027153697 0.257212698 0.027935097 0.965569258
1341846316.002119 -0.600386620 0.196221024 0.004445191 0.028540112 0.257352769 0.027268004 0.965511024
1341846316.034204 -0.599244237 0.196983278 -0.002237413 0.030326579 0.256014943 0.026247678 0.965840459
1341846316.066113 -0.596941411 0.202357948 -0.006176606 0.033919342 0.254204273 0.026849214 0.966182649
1341846316.101867 -0.571259975 0.184253976 -0.010923445 0.031327814 0.247430041 0.026139146 0.968046367
1341846316.134066 -0.562357306 0.189454213 -0.010902364 0.030713463 0.241884530 0.023898676 0.969524384
1341846316.169952 -0.546210229 0.192136377 -0.012968715 0.031127293 0.236537069 0.020853277 0.970899880
1341846316.202049 -0.512623906 0.155862510 -0.008747982 0.025323153 0.228186682 0.020888092 0.973063827
1341846316.233979 -0.512550116 0.148286417 -0.011730678 0.023868458 0.226056635 0.019759905 0.973621190
1341846316.270052 -0.533882678 0.141307727 -0.003828513 0.021109411 0.230132133 0.016757233 0.972786129
1341846316.301915 -0.537165165 0.137778878 0.003551142 0.021183195 0.231450200 0.014405267 0.972509444
1341846316.334208 -0.466776639 0.132902071 -0.012611421 0.021742145 0.217769712 0.017614191 0.975598991
1341846316.370006 -0.461509466 0.132254392 -0.007577639 0.023941010 0.214948073 0.019371321 0.976139903
1341846316.401994 -0.457782507 0.124305941 -0.013329577 0.023636287 0.212366015 0.020379961 0.976691723
1341846316.438069 -0.435163051 0.129419193 -0.015800532 0.028321909 0.207279354 0.022446532 0.977614105
1341846316.470076 -0.421044111 0.128318876 -0.014220344 0.033125550 0.203310430 0.024621543 0.978244066
1341846316.502034 -0.393772840 0.121014476 -0.021503642 0.032343850 0.194582999 0.026424745 0.979996502
1341846316.537975 -0.358429909 0.113794856 -0.018622112 0.028123938 0.185392335 0.025335316 0.981935322
1341846316.570121 -0.342332184 0.118375704 -0.004706876 0.029244537 0.182266638 0.020819556 0.982593596
1341846316.601885 -0.310953587 0.115593053 -0.002382127 0.030657992 0.175614983 0.018288998 0.983811498
1341846316.638009 -0.287573785 0.114128515 -0.006358074 0.032835443 0.168672010 0.018876944 0.984944284
1341846316.669925 -0.257484019 0.110662244 -0.004478278 0.034553342 0.161894575 0.017302526 0.986051142
1341846316.705941 -0.250089437 0.112170421 -0.003092574 0.039598811 0.159898043 0.018292151 0.986169398
1341846316.738062 -0.239387691 0.114334002 -0.002370671 0.041772470 0.156131223 0.019334879 0.986663222
1341846316.770433 -0.220749825 0.103889532 -0.009338971 0.038413778 0.150733769 0.022053987 0.987581611
1341846316.805932 -0.200772360 0.101521194 -0.002240064 0.039054461 0.146618024 0.019247273 0.988234580
1341846316.838029 -0.185669601 0.095820360 0.004436628 0.039511614 0.141351447 0.021461740 0.988937795
1341846316.870034 -0.160971791 0.095963217 0.011071928 0.040089995 0.131961495 0.022504356 0.990188122
1341846316.906344 -0.152820677 0.082444064 0.012275568 0.038612433 0.126396894 0.022237305 0.990978599
1341846316.937940 -0.159025460 0.082487956 0.004533076 0.038279869 0.126128390 0.020832997 0.991056144
1341846316.973994 -0.154729515 0.075281575 0.003454240 0.036029223 0.122078858 0.021199005 0.991639674
1341846317.005913 -0.141358122 0.067235202 0.003742081 0.033952996 0.115779072 0.024003822 0.992404342
1341846317.037936 -0.112598479 0.064964019 0.015343463 0.033899337 0.107653499 0.021010228 0.993388236
1341846317.073972 -0.113111041 0.060810726 0.015727658 0.034652945 0.104902901 0.021644982 0.993642807
1341846317.106113 -0.106944859 0.058575094 0.016008709 0.037094839 0.101595446 0.027972883 0.993740380
1341846317.137887 -0.076078221 0.047151871 0.016522082 0.037530277 0.088609301 0.030844068 0.994881153
1341846317.173970 -0.077788129 0.044331565 0.013894576 0.037921052 0.081228845 0.032668281 0.995437920
1341846317.205887 -0.080854714 0.043441370 0.011893244 0.038175728 0.077757157 0.037388712 0.995539308
1341846317.248131 -0.064220920 0.040755253 0.012795935 0.038865380 0.070725501 0.037496403 0.996032834
1341846317.273950 -0.059259579 0.036500577 0.008130749 0.039061792 0.064401388 0.040629290 0.996331215
1341846317.306289 -0.067077763 0.041173466 0.005488961 0.040452052 0.063119061 0.042761710 0.996268570
1341846317.348137 -0.074626222 0.042486340 0.002407067 0.042179644 0.064516619 0.044707533 0.996021986
1341846317.373974 -0.084584139 0.045317557 -0.008436728 0.044074107 0.065487087 0.049120795 0.995668650
1341846317.410120 -0.057123430 0.033520084 0.000670874 0.042222299 0.058975015 0.052010715 0.996009111
1341846317.442569 -0.065904632 0.039688364 -0.000527466 0.046989549 0.059648599 0.054566152 0.995618761
1341846317.474010 -0.061871510 0.043822404 -0.004044889 0.053476062 0.058475364 0.058072481 0.995162606
1341846317.509927 -0.040588453 0.036638245 -0.015420739 0.053746033 0.050232392 0.061458431 0.995394886
1341846317.542282 -0.053256225 0.037358098 -0.020739958 0.053348307 0.048853934 0.063941918 0.995328486
1341846317.573943 -0.059808403 0.039309062 -0.022224456 0.054135758 0.050550554 0.063610151 0.995222509
1341846317.610159 -0.055635940 0.039616667 -0.019734090 0.057149727 0.050365429 0.065835893 0.994918525
1341846317.643553 -0.037946012 0.032685556 -0.027195958 0.057232354 0.044415306 0.069075562 0.994977534
1341846317.677993 -0.031102067 0.034129586 -0.029376626 0.058404248 0.038813371 0.071953095 0.994939804
1341846317.709996 -0.028877079 0.033225384 -0.030762585 0.060284555 0.035725474 0.071987003 0.994940877
1341846317.741834 -0.016264785 0.026379451 -0.034722894 0.058512636 0.030500619 0.071002945 0.995291173
1341846317.777923 -0.009697705 0.026142750 -0.033390339 0.056610208 0.027326802 0.069913186 0.995570540
1341846317.810021 0.002934994 0.024445489 -0.032309722 0.056142833 0.021966806 0.068125337 0.995853603
1341846317.841886 0.010428848 0.019740650 -0.032475650 0.053601470 0.019235352 0.064970225 0.996260881
1341846317.878017 0.018543204 0.019143768 -0.033545725 0.050948840 0.016261775 0.061261650 0.996687889
1341846317.909910 0.028562343 0.020890802 -0.026288640 0.050981723 0.015084179 0.056605596 0.996980011
1341846317.946031 0.041921079 0.018751048 -0.026536217 0.051190257 0.012107517 0.056611054 0.997009635
1341846317.978041 0.056076307 0.016080277 -0.024715789 0.052502669 0.006750110 0.057194725 0.996958733
1341846318.009897 0.055251483 0.014391407 -0.028092491 0.054111440 0.006938976 0.055226211 0.996982455
1341846318.045949 0.065294832 0.012279740 -0.026287563 0.054245949 0.005019438 0.052726220 0.997121930
1341846318.078074 0.092240937 0.011580204 -0.021044921 0.053286392 -0.003585950 0.050492652 0.997295439
1341846318.109894 0.101599157 0.012517272 -0.024400273 0.052628990 -0.010540499 0.047994133 0.997404456
1341846318.145957 0.104033902 0.014535632 -0.019610278 0.053117916 -0.013966965 0.045145571 0.997469485
1341846318.178001 0.113054521 0.011534405 -0.019375101 0.051497724 -0.016084364 0.041689914 0.997672975
1341846318.214074 0.131363124 0.015587332 -0.017354103 0.053082865 -0.022577601 0.038138971 0.997606099
1341846318.245970 0.144522786 0.017780753 -0.014836067 0.056489959 -0.031996526 0.039212413 0.997119606
1341846318.278018 0.140208647 0.019690139 -0.019692613 0.060448050 -0.036161974 0.039914127 0.996717215
1341846318.313937 0.173691794 0.017146334 -0.009734557 0.061938044 -0.051645942 0.039217714 0.995971084
1341846318.345989 0.194925711 0.013024462 0.001405135 0.062894247 -0.065682888 0.039565124 0.995070219
1341846318.382046 0.194228187 0.013950208 -0.003717662 0.064969555 -0.073542967 0.035420556 0.994543016
1341846318.414072 0.208260447 0.011618467 -0.002879312 0.065956980 -0.084589824 0.036403276 0.993563831
1341846318.446035 0.211263955 0.015852265 -0.000862185 0.068866715 -0.091481365 0.034849200 0.992811203
1341846318.482196 0.213312179 0.012710094 -0.000551469 0.069233611 -0.094503969 0.035115585 0.992493153
1341846318.514144 0.224255353 0.022777410 -0.001263511 0.071514532 -0.098849520 0.034459822 0.991930962
1341846318.546259 0.233669475 0.017799528 0.003948499 0.072642192 -0.103056245 0.035175070 0.991395593
1341846318.582042 0.238364443 0.014226333 -0.004826474 0.072640881 -0.104902789 0.035866350 0.991177261
1341846318.614115 0.245461255 0.007866185 -0.002674752 0.070558295 -0.108336717 0.036648627 0.990929663
1341846318.650038 0.263511986 0.015095026 -0.010445152 0.071636967 -0.113696352 0.036733627 0.990248442
1341846318.682350 0.249178037 0.008933623 -0.011561678 0.070368014 -0.112082072 0.034902010 0.990589619
1341846318.714063 0.258751273 0.012648617 -0.020434219 0.070751019 -0.116581112 0.035868194 0.990008414
1341846318.749905 0.261486202 0.006421903 -0.003424626 0.070706457 -0.117899030 0.036310822 0.989839375
1341846318.782036 0.263085753 0.011646584 -0.019177090 0.072883569 -0.120764017 0.039199136 0.989225745
1341846318.814121 0.306719601 0.016308796 -0.012506437 0.073805995 -0.135673836 0.034410592 0.987401247
1341846318.850072 0.295433462 0.014961896 -0.017887011 0.074850611 -0.140446693 0.035847776 0.986603796
1341846318.883516 0.294251323 0.037054200 -0.042520940 0.082471199 -0.150189891 0.038889091 0.984443605
1341846318.918047 0.292921126 0.037607931 -0.052136026 0.084980622 -0.162760988 0.037493911 0.982283771
1341846318.950044 0.307442993 0.037603956 -0.069799244 0.085113771 -0.175316304 0.040278647 0.979998767
1341846318.982028 0.302741885 0.043609858 -0.074101835 0.088275135 -0.178889200 0.036446277 0.979223073
1341846319.018123 0.314532697 0.015032419 -0.064345174 0.084068581 -0.187721238 0.036437593 0.977939427
1341846319.050745 0.344217241 0.002812310 -0.007755619 0.085535727 -0.200994000 0.036315776 0.975174963
1341846319.081905 0.343990475 0.039668825 -0.035602070 0.095738590 -0.199980006 0.035100836 0.974479437
1341846319.117976 0.265693784 0.040457673 -0.077737480 0.096635051 -0.187391818 0.040517718 0.976680219
1341846319.150093 0.279956341 0.044460367 -0.068955988 0.098456562 -0.194560900 0.047880787 0.974761426
1341846319.186069 0.267773747 0.100352824 -0.057082444 0.107494585 -0.195090234 0.049169626 0.973636031
1341846319.218149 0.240032256 0.057849929 -0.129886329 0.096659690 -0.183940575 0.049064599 0.976941884
1341846319.250034 0.237062335 0.082130022 -0.124407411 0.094220676 -0.177550837 0.046527639 0.978485286
1341846319.286594 0.214786842 0.085101247 -0.111581877 0.092406347 -0.172702968 0.051919308 0.979254425
1341846319.318034 0.218555361 0.119607009 -0.013217900 0.098808452 -0.178982466 0.054442581 0.977362931
1341846319.350268 0.233269468 0.078926034 -0.059414484 0.094198272 -0.179442316 0.055303223 0.977685392
1341846319.386163 0.211100951 0.086777695 -0.080279723 0.095270887 -0.181445003 0.065103874 0.976607800
1341846319.418386 0.224109679 0.095846027 -0.077930138 0.096457198 -0.189211473 0.068474002 0.974785268
1341846319.453961 0.214655772 0.102751493 -0.068448231 0.098947413 -0.190593958 0.063562170 0.974599004
1341846319.486271 0.184829533 0.104193561 -0.081036635 0.098023087 -0.186866820 0.064413786 0.975357950
1341846319.518456 0.174229667 0.107588850 -0.080748305 0.095671907 -0.191260800 0.065813951 0.974646032
1341846319.554083 0.154444769 0.098083682 -0.083287917 0.093134023 -0.191547871 0.059832707 0.975220799
1341846319.586296 0.136899382 0.059465174 -0.084985912 0.090082064 -0.193834305 0.055139117 0.975332379
1341846319.622031 0.122646637 0.059559923 -0.105950184 0.088957340 -0.195391878 0.052688293 0.975260258
1341846319.653962 0.098807484 0.054499093 -0.092238531 0.088705957 -0.200201273 0.049493868 0.974474788
1341846319.686352 0.080301121 0.051466674 -0.095984705 0.090067558 -0.201763049 0.051359441 0.973931074
1341846319.721992 0.075682685 0.054823052 -0.104858473 0.090860263 -0.205371752 0.053241253 0.973001719
1341846319.754063 0.097663403 0.074099720 -0.122463286 0.088519447 -0.211211547 0.052995976 0.971980214
1341846319.786397 0.093256354 0.074217677 -0.088764809 0.084260374 -0.212075353 0.053838219 0.972124338
1341846319.822008 0.077410035 0.074727006 -0.093508355 0.080596142 -0.210920602 0.058800478 0.972398758
1341846319.853917 0.068002261 0.074407727 -0.099953100 0.075208455 -0.210718617 0.061871950 0.972683489
1341846319.889942 0.057530947 0.050784189 -0.103761867 0.068229064 -0.210156143 0.067191780 0.972966850
1341846319.922039 0.029443270 0.048179340 -0.104151636 0.067956962 -0.210603699 0.069641829 0.972716868
1341846319.953946 0.053332061 0.053599402 -0.088409208 0.070523538 -0.223287776 0.066725045 0.969905615
1341846319.990054 0.054750446 0.055615585 -0.088624381 0.074099943 -0.226442322 0.059972927 0.969348431
1341846320.028122 0.034330908 0.043331627 -0.102852322 0.074543662 -0.226415247 0.058925983 0.969384909
1341846320.054177 0.049890954 0.052694425 -0.088260926 0.079550251 -0.234680653 0.058337253 0.967054069
1341846320.090047 0.094281614 0.059933849 -0.094973996 0.081531629 -0.240235686 0.059536066 0.965450644
1341846320.122011 0.083290502 0.054720502 -0.063791551 0.082425676 -0.237284824 0.060332928 0.966054797
1341846320.157952 0.089352429 0.058883373 -0.057022732 0.083458208 -0.235290334 0.060201954 0.966462076
1341846320.190003 0.114154294 0.051822081 -0.056174126 0.084381111 -0.232950747 0.060873020 0.966906548
1341846320.221941 0.116751514 0.046210147 -0.065646395 0.088339284 -0.228283063 0.060668558 0.967678905
1341846320.258015 0.119510867 0.050246071 -0.040932305 0.092437580 -0.227961659 0.063960686 0.967159688
1341846320.289887 0.128667668 0.034700122 -0.064337537 0.096342705 -0.227910370 0.064864829 0.966730356
1341846320.321954 0.153847083 0.038102355 -0.047907982 0.105685338 -0.232175350 0.064878292 0.964736283
1341846320.357890 0.191186830 0.043254662 -0.040272176 0.110830128 -0.234979436 0.066001408 0.963402927
1341846320.390064 0.178998083 0.051757783 -0.044824362 0.112973325 -0.227200717 0.067713633 0.964899838
1341846320.426544 0.224229410 0.041907240 -0.023097944 0.115255788 -0.224198714 0.063813925 0.965597689
1341846320.458122 0.216593117 0.053378381 -0.036727421 0.117511086 -0.213700980 0.061719943 0.967839718
1341846320.490186 0.236117095 0.041055910 -0.011917695 0.120177291 -0.208921120 0.060200218 0.968651295
1341846320.525911 0.261689842 0.048406109 -0.020002281 0.124131344 -0.202728093 0.059459955 0.969514012
1341846320.558091 0.249981686 0.047812335 -0.036678135 0.125823796 -0.194307268 0.058112539 0.971100450
1341846320.594093 0.257061034 0.049246475 0.000498690 0.127656266 -0.189147487 0.053548720 0.972141802
1341846320.631955 0.235560507 0.035394486 -0.014057410 0.128593773 -0.177456647 0.053157769 0.974241853
1341846320.664916 0.264533043 0.062335934 -0.003932709 0.132147968 -0.178233296 0.051215194 0.973728359
1341846320.699927 0.293379784 0.048617736 0.001703407 0.131013975 -0.176229671 0.049683165 0.974325478
1341846320.731822 0.305411249 0.051217366 0.004572274 0.133187339 -0.169526517 0.049583223 0.975224853
1341846320.763877 0.305276364 0.076036401 -0.018000748 0.132341996 -0.166954339 0.049641885 0.975780547
1341846320.799999 0.309714437 0.050775595 0.005105637 0.124567203 -0.169102281 0.044778615 0.976669014
1341846320.831871 0.448146731 0.049667105 0.051319260 0.126541615 -0.176348105 0.039188735 0.975373149
1341846320.863887 0.326164037 0.069749206 0.004052707 0.126638651 -0.149247169 0.039980140 0.979841590
1341846320.900014 0.330767453 0.053218655 0.006848026 0.118350647 -0.154265538 0.045505244 0.979859471
1341846320.931889 0.352048695 0.041762259 0.029081091 0.118677281 -0.155811384 0.043949857 0.979646325
1341846320.967866 0.357179195 0.069117598 0.020631906 0.120370619 -0.149693221 0.040399831 0.980546176
1341846321.000017 0.362614185 0.067381941 -0.025688685 0.113219768 -0.149215236 0.040814821 0.981453121
1341846321.031860 0.385724396 0.053677101 -0.023752049 0.110366054 -0.149552301 0.038451023 0.981822312
1341846321.068047 0.390766472 0.061809119 -0.030390494 0.111453675 -0.145503685 0.035283878 0.982426524
1341846321.099840 0.394141883 0.058249846 -0.043653045 0.108765699 -0.143984586 0.035745054 0.982934773
1341846321.131821 0.417759299 0.047528241 -0.024738517 0.108207211 -0.143518165 0.036984157 0.983018816
1341846321.167887 0.422503442 0.050975628 -0.033660170 0.110828221 -0.139133990 0.038273979 0.983307660
1341846321.200042 0.426955432 0.056545675 -0.024250444 0.111789554 -0.136601418 0.038201034 0.983556807
1341846321.231950 0.432356596 0.045849852 -0.025405584 0.109802566 -0.135630012 0.036372859 0.983984292
1341846321.267939 0.460203081 0.052563481 -0.034657959 0.111385927 -0.135001317 0.031769980 0.984052122
1341846321.299948 0.470745772 0.053067863 -0.016284276 0.111249372 -0.131423295 0.026128011 0.984717727
1341846321.331858 0.459989548 0.047930256 -0.017742267 0.111614250 -0.126239538 0.022581607 0.985442042
1341846321.367913 0.479988694 0.043828696 -0.009974015 0.113320507 -0.124358557 0.018665733 0.985568404
1341846321.399897 0.486808568 0.047988702 0.004163577 0.115691796 -0.119455710 0.017255018 0.985924959
1341846321.435994 0.486985713 0.042325370 0.010755723 0.116845310 -0.115584180 0.016865650 0.986257076
1341846321.467946 0.497762114 0.045453425 0.015469224 0.118878938 -0.113231249 0.018457772 0.986258507
1341846321.499882 0.512963772 0.046890061 0.024476919 0.120428763 -0.110967159 0.018796060 0.986321390
1341846321.536109 0.540592909 0.057461534 0.011084596 0.120669819 -0.106321402 0.015436389 0.986861825
1341846321.568960 0.522017777 0.063498355 0.027134055 0.118149884 -0.098300792 0.012463632 0.988039613
1341846321.603938 0.525453269 0.059904430 0.035016581 0.114964440 -0.096182384 0.012303944 0.988625705
1341846321.637163 0.574870348 0.065453745 0.013707925 0.112440653 -0.093224771 0.012347559 0.989198565
1341846321.668306 0.556549370 0.069075845 0.031426553 0.107890964 -0.082367428 0.014297972 0.990641594
1341846321.704411 0.541650414 0.062300935 0.044180162 0.103836350 -0.080997020 0.021042202 0.991067529
1341846321.736861 0.578129053 0.070183121 0.047393605 0.102279179 -0.088114217 0.029086545 0.990418613
1341846321.771881 0.567360163 0.078372464 0.048746709 0.099562585 -0.084494695 0.034563184 0.990834713
1341846321.804114 0.575698733 0.073613033 0.052891012 0.094662830 -0.082551472 0.036960471 0.991392076
1341846321.836152 0.575560987 0.080160290 0.057292558 0.092098013 -0.080161929 0.037214708 0.991820097
1341846321.871882 0.576872230 0.094345115 0.060082160 0.089378268 -0.079050839 0.033490974 0.992290795
1341846321.904074 0.583526790 0.086544134 0.063272819 0.081445418 -0.077694200 0.030205168 0.993185818
1341846321.939847 0.583519578 0.084660687 0.066144802 0.077300861 -0.074597411 0.027887808 0.993821979
1341846322.004094 0.580027878 0.076032028 0.063571267 0.070532843 -0.076117806 0.025389718 0.994277000
1341846322.034203 0.518963277 0.045055833 0.033989601 0.060488157 -0.056867696 0.032392714 0.996021152
1341846322.066178 0.521258891 0.038438141 0.034170233 0.057142332 -0.052908704 0.029858129 0.996515870
1341846322.107979 0.523793280 0.009719625 0.035502058 0.051738843 -0.051398817 0.029000131 0.996915400
1341846322.133980 0.608674705 0.011374271 0.071649000 0.059097406 -0.071444541 0.018957091 0.995511830
1341846322.166164 0.600705445 0.006368703 0.061303701 0.061268356 -0.070991963 0.020394722 0.995384634
1341846322.202932 0.609655559 0.000770589 0.065303765 0.062291604 -0.074577771 0.021493554 0.995035708
1341846322.234093 0.607727408 -0.003895965 0.064222902 0.061234012 -0.075675115 0.018936947 0.995070398
1341846322.265941 0.606163144 -0.016258692 0.063084938 0.057902083 -0.078467064 0.019347185 0.995045722
1341846322.301996 0.622453690 -0.039672714 0.066357501 0.054204155 -0.082039684 0.019725824 0.994958460
1341846322.333949 0.596340597 -0.011456377 0.058993414 0.060993109 -0.080276288 0.019732647 0.994709074
1341846322.369871 0.611420989 -0.030763378 0.067101620 0.060948700 -0.087142356 0.016922865 0.994185627
1341846322.402292 0.611793935 -0.038587995 0.069545001 0.064558409 -0.085142292 0.010681898 0.994217753
1341846322.433955 0.600667953 -0.070910439 0.072886728 0.068580315 -0.082684800 0.007966963 0.994181335
1341846322.470030 0.591182828 -0.071493931 0.077311069 0.077491276 -0.085532136 0.012936975 0.993233144
1341846322.502433 0.613058925 -0.097158104 0.076669388 0.080994561 -0.090960369 0.015854295 0.992428780
1341846322.534002 0.616475999 -0.091774121 0.070611514 0.090894848 -0.090825945 0.018199261 0.991543055
1341846322.570196 0.615797937 -0.097513594 0.073243007 0.100348897 -0.091004990 0.022342876 0.990529716
1341846322.601920 0.607039392 -0.119584695 0.075836211 0.105301321 -0.093571566 0.025891805 0.989689708
1341846322.638119 0.621508479 -0.135967404 0.083408453 0.110303029 -0.097558089 0.025765214 0.988762736
1341846322.669947 0.632132530 -0.138136625 0.081592970 0.115540452 -0.094792373 0.025290031 0.988445938
1341846322.702026 0.611232638 -0.153571621 0.081419818 0.117537513 -0.091046289 0.026796369 0.988522887
1341846322.738006 0.624616027 -0.146819666 0.078880630 0.119673535 -0.095390595 0.029584982 0.987777114
1341846322.770087 0.627920449 -0.171673104 0.067371890 0.118221931 -0.094097435 0.029995929 0.988063514
1341846322.806047 0.621842206 -0.183898702 0.057005733 0.122025363 -0.093943737 0.028945623 0.987646997
1341846322.838063 0.615471005 -0.180068046 0.063537180 0.124990679 -0.097867079 0.030835528 0.986837626
1341846322.870081 0.623379230 -0.198500007 0.065067329 0.126174405 -0.103200383 0.032225154 0.986099064
1341846322.906018 0.630421400 -0.201237813 0.076376803 0.131564632 -0.105120972 0.032636382 0.985177755
1341846322.938349 0.627185583 -0.182132959 0.078835666 0.133319572 -0.103863940 0.034476485 0.985012472
1341846322.970069 0.628301442 -0.190523684 0.079412244 0.128111124 -0.104489401 0.035202246 0.985611677
1341846323.011820 0.626269102 -0.213297218 0.078862384 0.123810701 -0.103692308 0.034964275 0.986253738
1341846323.038050 0.620071352 -0.215734929 0.080826178 0.123116091 -0.102912277 0.037788838 0.986318231
1341846323.073951 0.632811964 -0.204834133 0.086476319 0.122002266 -0.104833893 0.039730381 0.986177921
1341846323.105962 0.611181200 -0.218362406 0.079988144 0.120187975 -0.099840470 0.040796798 0.986875117
1341846323.138158 0.609421790 -0.219882339 0.082588546 0.121361330 -0.099766351 0.037058335 0.986886442
1341846323.174092 0.606499493 -0.220138356 0.079485185 0.119653925 -0.099883147 0.036117774 0.987118006
1341846323.206059 0.640510321 -0.238452852 0.086129323 0.114342488 -0.106135018 0.031856537 0.987241864
1341846323.238053 0.642820835 -0.239111751 0.089044385 0.112304762 -0.103112370 0.029306203 0.987874866
1341846323.273997 0.626186550 -0.238561079 0.082587026 0.108721226 -0.102031313 0.030244395 0.988359571
1341846323.305946 0.635827601 -0.247401416 0.089631937 0.103555650 -0.106780112 0.030712619 0.988398254
1341846323.342027 0.654922068 -0.264305234 0.099432729 0.101172484 -0.106139868 0.029022878 0.988764942
1341846323.374048 0.623986959 -0.271501184 0.095248029 0.101508893 -0.100158826 0.029727215 0.989333391
1341846323.405987 0.618266523 -0.279519618 0.084490508 0.100981437 -0.104664527 0.034942117 0.988750339
1341846323.441956 0.631987214 -0.288173407 0.095694236 0.101961546 -0.109581389 0.036938716 0.988044202
1341846323.473878 0.640393734 -0.302283823 0.094377495 0.105630532 -0.108565584 0.036008753 0.987805247
1341846323.506129 0.634993672 -0.293352246 0.085625738 0.109078497 -0.108123302 0.033929706 0.987552524
1341846323.541972 0.648863077 -0.283317327 0.092666745 0.108976290 -0.109431043 0.033207458 0.987444341
1341846323.573913 0.665419698 -0.314110845 0.089349143 0.106912740 -0.105687492 0.027087381 0.988264203
1341846323.609927 0.648955762 -0.310985088 0.091429621 0.108422726 -0.098574556 0.022918295 0.988940060
1341846323.642014 0.632965028 -0.321971565 0.090140402 0.107083090 -0.095828280 0.023288699 0.989347219
1341846323.674081 0.633725464 -0.334087640 0.090478651 0.106471285 -0.097706772 0.025900301 0.989164531
1341846323.710069 0.637769759 -0.356631368 0.080364019 0.106325358 -0.099038281 0.030030375 0.988931060
1341846323.742111 0.639657378 -0.363991171 0.085887499 0.111298740 -0.101621732 0.031883035 0.988063395
1341846323.774928 0.642925858 -0.357930452 0.082036853 0.115558058 -0.103867814 0.029539244 0.987413406
1341846323.810012 0.641997159 -0.362408280 0.086085789 0.117445007 -0.105033539 0.025630234 0.987176716
1341846323.842207 0.650169075 -0.366889745 0.082466528 0.119236499 -0.105358571 0.021150453 0.987033367
1341846323.878019 0.636225462 -0.377855510 0.078041166 0.120194070 -0.104849488 0.016404383 0.987061799
1341846323.909826 0.641699970 -0.396822959 0.068496212 0.123354666 -0.106789917 0.012303716 0.986523330
1341846323.942459 0.639081538 -0.395371467 0.063671559 0.127508581 -0.106595494 0.012142197 0.986018062
1341846323.978055 0.629310846 -0.398966938 0.065127671 0.129611582 -0.108788058 0.014107343 0.985478103
1341846324.015934 0.639535725 -0.403029025 0.073842928 0.133226454 -0.111714542 0.014313902 0.984665334
1341846324.047722 0.643941581 -0.393949836 0.069631577 0.137031481 -0.110292554 0.013700457 0.984312117
1341846324.083904 0.644936085 -0.380104482 0.070360750 0.137546733 -0.109044731 0.013796579 0.984377861
1341846324.115968 0.650572538 -0.379738957 0.062563829 0.135308474 -0.107475631 0.011547203 0.984889448
1341846324.151967 0.654502809 -0.374411672 0.062267642 0.135413021 -0.104676776 0.007258601 0.985217512
1341846324.183941 0.642499804 -0.359712362 0.074803002 0.133484155 -0.100103877 0.003503826 0.985976100
1341846324.219984 0.639464021 -0.359195054 0.068820946 0.128994614 -0.098216839 0.003923112 0.986761689
1341846324.251968 0.633750319 -0.359528542 0.075561985 0.128305316 -0.098007292 0.003451747 0.986874104
1341846324.284052 0.635912538 -0.338841587 0.070472211 0.129393891 -0.098479964 0.003418840 0.986685038
1341846324.319880 0.627604187 -0.328810424 0.065260671 0.128110453 -0.101633176 0.002236500 0.986536145
1341846324.351917 0.630064607 -0.308495283 0.071536511 0.125537902 -0.105183624 0.000578772 0.986497045
1341846324.388001 0.652754664 -0.303941518 0.068821296 0.121206425 -0.106415115 -0.003512883 0.986900449
1341846324.419908 0.645068586 -0.281446636 0.080609232 0.118532673 -0.104081884 -0.007299195 0.987453163
1341846324.452027 0.630424917 -0.287536114 0.083256043 0.112737335 -0.102818199 -0.007216124 0.988264441
1341846324.487928 0.625190198 -0.284135312 0.077159941 0.110759102 -0.102688238 -0.005387742 0.988513350
1341846324.519985 0.614506185 -0.272139281 0.074415363 0.109096140 -0.104280822 -0.001008560 0.988545656
1341846324.556001 0.613178194 -0.253510326 0.084669888 0.107595257 -0.109788835 0.002982480 0.988109767
1341846324.587888 0.615039527 -0.240605801 0.089492038 0.104195163 -0.113107994 0.004661536 0.988093257
1341846324.620086 0.618255854 -0.238722086 0.089031644 0.101721883 -0.115749106 0.002041840 0.988053977
1341846324.655955 0.623076975 -0.233088166 0.084985703 0.099509694 -0.117175415 0.001601879 0.988111973
1341846324.688082 0.618946791 -0.230832726 0.090076327 0.098733969 -0.116899423 0.002249080 0.988221169
1341846324.755922 0.600768089 -0.186145127 0.089286499 0.101502173 -0.119064093 0.005147791 0.987671316
1341846324.782029 0.603086710 -0.171991661 0.088413641 0.100032367 -0.123811997 0.003164905 0.987245798
1341846324.814016 0.620694995 -0.151851162 0.094012879 0.096904144 -0.125874996 0.001944913 0.987300038
1341846324.849979 0.602141082 -0.149908006 0.100052848 0.090974219 -0.120976433 -0.001603503 0.988476574
1341846324.881924 0.597202897 -0.146487862 0.102365814 0.087932512 -0.122381769 -0.001399910 0.988579154
1341846324.913902 0.605327904 -0.135237649 0.102737077 0.086812526 -0.124952897 0.001368399 0.988356531
1341846324.949999 0.603591263 -0.140465900 0.104518443 0.086371705 -0.125134125 0.004403297 0.988363266
1341846324.981922 0.590113759 -0.133076966 0.106867321 0.090432264 -0.126959577 0.008366148 0.987741590
1341846325.018013 0.592097580 -0.122234002 0.095845059 0.094455682 -0.131865188 0.010817451 0.986697912
1341846325.050079 0.589730740 -0.104399323 0.093523547 0.096807584 -0.136750504 0.010281439 0.985810280
1341846325.081901 0.601067543 -0.089916788 0.089569166 0.095797673 -0.142836437 0.007397702 0.985071540
1341846325.118531 0.611424565 -0.074503839 0.094168551 0.092138268 -0.145081908 0.004931429 0.985107899
1341846325.149933 0.604892433 -0.075094536 0.096575171 0.086316779 -0.142331198 0.002207490 0.986045897
1341846325.181925 0.606143951 -0.070368916 0.088651545 0.082682058 -0.141334698 0.004291216 0.986493766
1341846325.218055 0.604153514 -0.061992280 0.093687981 0.079748653 -0.141272306 0.008105829 0.986720204
1341846325.249811 0.600525975 -0.054478809 0.091828182 0.077345878 -0.141074419 0.011293271 0.986908436
1341846325.285925 0.605044901 -0.044563811 0.094972789 0.074524432 -0.142122895 0.014118367 0.986938655
1341846325.317988 0.619450450 -0.048308697 0.100098610 0.071483180 -0.140665784 0.016524587 0.987334967
1341846325.349844 0.611875176 -0.054904781 0.104216583 0.073619738 -0.135490343 0.018860560 0.987859726
1341846325.387302 0.612939775 -0.042958140 0.106045403 0.078264095 -0.132960901 0.022055598 0.987780213
1341846325.417931 0.625201881 -0.035727181 0.109304562 0.080393553 -0.129006371 0.026226209 0.988031685
1341846325.450747 0.639136791 -0.043370761 0.114215337 0.084209241 -0.122163758 0.029175971 0.988500714
1341846325.485954 0.611768425 -0.024901237 0.115243606 0.093385875 -0.113243692 0.031308088 0.988673270
1341846325.517875 0.607158065 -0.012029608 0.115173951 0.097257517 -0.110228062 0.033631768 0.988564491
1341846325.553859 0.606300056 -0.005302279 0.118569165 0.100234441 -0.106581368 0.033550519 0.988669813
1341846325.585855 0.601389825 0.012891684 0.116896525 0.103310563 -0.103325903 0.032089785 0.988747180
1341846325.617990 0.602741599 0.038256206 0.130284101 0.100746952 -0.102259308 0.033310995 0.989082158
1341846325.653982 0.599866331 0.023341876 0.138413608 0.097361878 -0.100531377 0.030182643 0.989698529
1341846325.685819 0.598819792 0.022979379 0.139186874 0.102498434 -0.098950624 0.031838410 0.989287257
1341846325.717857 0.594149888 0.039495718 0.142382234 0.106731623 -0.097920343 0.038838539 0.988691866
1341846325.754083 0.591030478 0.038756303 0.139492542 0.108704053 -0.097801097 0.043644361 0.988288283
1341846325.786087 0.594101667 0.044110071 0.144181296 0.114907831 -0.097554445 0.046237055 0.987492561
1341846325.821856 0.592863560 0.063590974 0.141960338 0.119198218 -0.095500886 0.048068132 0.987097204
1341846325.853827 0.585060716 0.069295809 0.145213351 0.119583644 -0.094725385 0.051117603 0.986972094
1341846325.885958 0.575747252 0.084995605 0.140955478 0.119904071 -0.096810341 0.056875877 0.986415684
1341846325.921984 0.578505397 0.087699518 0.149249539 0.118182540 -0.101123802 0.061275527 0.985927105
1341846325.953899 0.589513659 0.088508219 0.152768210 0.120588548 -0.101454385 0.063135155 0.985484362
1341846325.985823 0.583623350 0.101367615 0.152401820 0.123109162 -0.097869910 0.066985652 0.985280991
1341846326.021991 0.577682257 0.102661580 0.151671946 0.124942206 -0.097438000 0.073176660 0.984652460
1341846326.054055 0.582991242 0.114871480 0.157038182 0.129659146 -0.098749526 0.077778004 0.983558655
1341846326.089984 0.587112606 0.137770504 0.158996001 0.133301705 -0.096852161 0.076833211 0.983334601
1341846326.121822 0.584897101 0.145745516 0.161780655 0.132857189 -0.092758544 0.074744910 0.983950257
1341846326.154079 0.579196155 0.147090048 0.167625889 0.133339345 -0.090253234 0.073547430 0.984208226
1341846326.190178 0.574666798 0.157426193 0.166523963 0.135454878 -0.090424538 0.075820014 0.983731031
1341846326.222162 0.572869122 0.176460192 0.163883880 0.134656549 -0.092169620 0.081905767 0.983190715
1341846326.259181 0.565471292 0.190830514 0.177661180 0.131833404 -0.094601184 0.084979042 0.983081520
1341846326.291222 0.570157826 0.201412901 0.180964187 0.128491089 -0.095970295 0.084954888 0.983393312
1341846326.322766 0.567523181 0.211190969 0.185834840 0.124584772 -0.095366485 0.083321847 0.984094203
1341846326.359773 0.569904268 0.217637032 0.190854296 0.121022418 -0.094189234 0.080901280 0.984853804
1341846326.392109 0.571596026 0.211960673 0.196660340 0.119095072 -0.092434958 0.081136212 0.985235572
1341846326.423985 0.567548454 0.216517210 0.196328923 0.122309342 -0.091398917 0.086906753 0.984446049
1341846326.459869 0.561613083 0.233197004 0.195471242 0.124752104 -0.093543053 0.090595014 0.983605206
1341846326.491143 0.558294892 0.234366208 0.200933754 0.124785908 -0.094460644 0.089834213 0.983583033
1341846326.526163 0.563251376 0.260809988 0.203495502 0.124559850 -0.092091903 0.089605376 0.983857155
1341846326.560211 0.557738543 0.267897964 0.204837531 0.119546413 -0.087914802 0.088720731 0.984940767
1341846326.591828 0.555632651 0.272900552 0.207147986 0.116152063 -0.086071752 0.090310000 0.985365212
1341846326.627027 0.560291469 0.279888004 0.207194000 0.115747169 -0.084840782 0.089492701 0.985594094
1341846326.658442 0.556344748 0.299955308 0.218162179 0.114470683 -0.080848619 0.087468296 0.986260295
1341846326.694856 0.548358500 0.309607714 0.220989347 0.110922597 -0.077031828 0.087586589 0.986960411
1341846326.726206 0.547275424 0.323792458 0.220023796 0.105660945 -0.075916111 0.084539093 0.987889528
1341846326.762753 0.553568363 0.339731514 0.217928812 0.099990554 -0.073698334 0.080937624 0.988948703
1341846326.794046 0.551459432 0.351321608 0.217924461 0.093387984 -0.070287049 0.079228193 0.989980519
1341846326.826821 0.547547579 0.368939161 0.230701491 0.086746886 -0.068283148 0.076788932 0.990916729
1341846326.858887 0.541407943 0.362183213 0.237528384 0.077465005 -0.066040687 0.072047658 0.992192984
1341846326.895360 0.540302515 0.368555933 0.233863950 0.074390374 -0.067088321 0.076451622 0.992028415
1341846326.926897 0.539463103 0.372342706 0.232604489 0.075698450 -0.070728324 0.078350984 0.991528332
1341846326.958888 0.547732055 0.388682604 0.233289361 0.078401528 -0.073675707 0.081873707 0.990818739
1341846326.994594 0.545010984 0.404322237 0.232290566 0.079491079 -0.072509080 0.083283581 0.990700483
1341846327.026301 0.547262490 0.417909145 0.230768025 0.077720784 -0.071266338 0.081937365 0.991043329
1341846327.063945 0.550408304 0.421698034 0.238481775 0.074588239 -0.069678657 0.079564013 0.991590202
1341846327.094662 0.543315768 0.430098146 0.241549417 0.074192598 -0.066543259 0.075953834 0.992118180
1341846327.128901 0.532253027 0.438236207 0.236376718 0.073098511 -0.064859062 0.073627755 0.992486238
1341846327.161940 0.540683806 0.452057332 0.241663679 0.072505251 -0.067561008 0.074067168 0.992316782
1341846327.193867 0.547673702 0.457556129 0.256032497 0.071710959 -0.066658288 0.072572201 0.992545962
1341846327.229885 0.549356461 0.472518474 0.254776359 0.073131680 -0.063437440 0.070792556 0.992781937
1341846327.262014 0.572107971 0.487487465 0.294167817 0.073648542 -0.061243761 0.069518648 0.992971420
1341846327.294023 0.545860946 0.488418609 0.275650650 0.076514684 -0.045653716 0.060286883 0.994196534
1341846327.330015 0.558349013 0.514041185 0.249079481 0.079944089 -0.037147932 0.060530595 0.994266093
1341846327.361939 0.534949064 0.522017181 0.242081225 0.077190496 -0.029995337 0.053912289 0.995105743
1341846327.393887 0.545335174 0.529557884 0.272939205 0.076728724 -0.028792288 0.047563661 0.995500565
1341846327.429966 0.538695514 0.560929954 0.258000165 0.076413959 -0.028527578 0.048952453 0.995465100
1341846327.461965 0.516115189 0.558240771 0.243660882 0.066680729 -0.029196708 0.045508113 0.996308327
1341846327.497931 0.534648299 0.560439467 0.273886949 0.060900003 -0.033627253 0.043080114 0.996646643
1341846327.530068 0.535551846 0.588112473 0.289907604 0.061695650 -0.034571983 0.047309775 0.996373534
1341846327.561895 0.491541088 0.585579693 0.286157250 0.057728745 -0.029212054 0.050321829 0.996635199
1341846327.598010 0.518237650 0.599067509 0.299958229 0.060639597 -0.038994167 0.056642704 0.995788097
1341846327.629945 0.497296542 0.607479930 0.291517586 0.059829943 -0.040341392 0.054065682 0.995926678
1341846327.662003 0.534382939 0.624282956 0.315184861 0.063463174 -0.050566621 0.051765908 0.995357096
1341846327.697919 0.560059845 0.642389953 0.309299737 0.064806283 -0.055833101 0.054388557 0.994849086
1341846327.730075 0.518905163 0.664640546 0.301300645 0.061026014 -0.049004056 0.053316172 0.995505810
1341846327.766017 0.503939509 0.672058165 0.304852307 0.056787685 -0.047104821 0.053671312 0.995829165
1341846327.797917 0.523757339 0.692175508 0.311273992 0.052117638 -0.051473267 0.055617068 0.995761573
1341846327.830054 0.525662720 0.689905465 0.312689304 0.043559864 -0.052164804 0.054505534 0.996198058
1341846327.865944 0.528892696 0.689864993 0.312573671 0.038627706 -0.051390860 0.054441240 0.996445239
1341846327.898010 0.520999014 0.709656119 0.319025636 0.037700139 -0.049865179 0.055561535 0.996496439
1341846327.929991 0.519505203 0.729433715 0.316597283 0.035453990 -0.051232349 0.053561583 0.996618986
1341846327.966065 0.519108534 0.735419154 0.311967164 0.030771790 -0.050723080 0.050795097 0.996945381
1341846327.998073 0.520796299 0.746395469 0.316990733 0.024813656 -0.050209641 0.047237281 0.997312367
1341846328.034045 0.521065474 0.751667798 0.318044066 0.018977676 -0.049566727 0.045034833 0.997574508
1341846328.065993 0.518809915 0.745986998 0.315732419 0.012626918 -0.048449736 0.044921979 0.997735083
1341846328.098045 0.516073644 0.731019258 0.320190698 0.010169405 -0.047569208 0.045681909 0.997771025
1341846328.133967 0.511475742 0.733300090 0.317559600 0.013242447 -0.048126556 0.049529262 0.997524619
1341846328.166023 0.510652661 0.728236377 0.312467337 0.012359822 -0.050992656 0.050359230 0.997351944
1341846328.198018 0.514114320 0.712099791 0.311493278 0.011695657 -0.054229487 0.047009278 0.997352779
1341846328.234044 0.513983846 0.700794339 0.307598978 0.014086413 -0.055485040 0.046616424 0.997271299
1341846328.265899 0.514944732 0.689484239 0.304371029 0.015881233 -0.057252180 0.046934191 0.997129500
1341846328.302051 0.517337799 0.670692205 0.300163239 0.018155383 -0.057564627 0.047452763 0.997048140
1341846328.333917 0.484182209 0.648051977 0.294451296 0.019920593 -0.051689260 0.050262336 0.997198641
1341846328.366008 0.455433786 0.639181316 0.303345472 0.027646752 -0.046643652 0.046722710 0.997435272
1341846328.402010 0.518654644 0.612558424 0.293592691 0.038009532 -0.055809781 0.052385047 0.996341467
1341846328.433920 0.524834454 0.588632882 0.289807469 0.039129429 -0.058578920 0.051607780 0.996179760
1341846328.470003 0.533147752 0.571935177 0.284621149 0.040306244 -0.060260851 0.044508766 0.996374965
1341846328.502194 0.533769667 0.542615294 0.273059577 0.041960347 -0.057125788 0.036411397 0.996820033
1341846328.534033 0.541415155 0.521870494 0.271184832 0.042531271 -0.055159867 0.034094933 0.996988475
1341846328.570125 0.531867206 0.500928283 0.277632415 0.044695634 -0.053665522 0.035844401 0.996913970
1341846328.602804 0.529436171 0.475715905 0.261292547 0.048722945 -0.058822010 0.042654820 0.996165931
1341846328.636433 0.534203172 0.469298869 0.270983964 0.056127284 -0.067554504 0.042772055 0.995216906
1341846328.672663 0.533376694 0.434598237 0.265090168 0.058057632 -0.071272574 0.038694602 0.995013773
1341846328.702975 0.545318782 0.425838679 0.272140652 0.061748579 -0.076280609 0.039014302 0.994407535
1341846328.738215 0.547240376 0.401736736 0.268152654 0.067378238 -0.077284232 0.033600356 0.994162142
1341846328.770129 0.562169194 0.395351171 0.262701273 0.070362173 -0.080743670 0.036431067 0.993580639
1341846328.802331 0.561607540 0.381374180 0.268822312 0.071335219 -0.083901495 0.037530456 0.993208587
1341846328.838051 0.566785157 0.364007622 0.259249866 0.075536199 -0.085649833 0.033503424 0.992892742
1341846328.869939 0.569205999 0.368848205 0.255640745 0.076705031 -0.086963169 0.032271989 0.992729723
1341846328.904486 0.567040205 0.346000105 0.255975008 0.071417756 -0.089743361 0.031124769 0.992913365
1341846328.939814 0.575465858 0.316606790 0.253682613 0.073574953 -0.092789121 0.030901643 0.992482781
1341846328.970217 0.577470839 0.315299004 0.249565110 0.077211551 -0.094860487 0.035680111 0.991850257
1341846329.006232 0.582466245 0.301755458 0.245364264 0.077288024 -0.097517706 0.039734941 0.991432369
1341846329.038243 0.585816681 0.280852258 0.237837791 0.080462754 -0.098114155 0.039950490 0.991112173
1341846329.072238 0.592243731 0.278877944 0.221680641 0.084664799 -0.096906468 0.039617959 0.990894258
1341846329.106125 0.589039028 0.284372836 0.233929500 0.084725745 -0.098426789 0.039285343 0.990752459
1341846329.138340 0.592182219 0.266158164 0.233886883 0.085844524 -0.099327706 0.037363421 0.990640581
1341846329.169991 0.594453752 0.254809231 0.215497360 0.087400191 -0.099433079 0.035682008 0.990556002
1341846329.208656 0.596977830 0.243460625 0.217723936 0.087620616 -0.100671038 0.034824368 0.990441978
1341846329.238169 0.612158239 0.248494178 0.205080703 0.087598883 -0.102547199 0.036329232 0.990197301
1341846329.273827 0.603410661 0.229308471 0.210296080 0.084979951 -0.103147283 0.035898995 0.990378857
1341846329.306052 0.611549735 0.233344510 0.205136865 0.086279340 -0.106006444 0.036361173 0.989947736
1341846329.338104 0.608593106 0.229352310 0.204576254 0.083121151 -0.107370175 0.032074895 0.990219057
1341846329.373907 0.618466377 0.210192487 0.196995527 0.079007275 -0.108604722 0.031961210 0.990424871
1341846329.405985 0.612450659 0.193675876 0.198250234 0.080097124 -0.109837361 0.028089937 0.990318775
1341846329.442057 0.612144828 0.192984045 0.196226954 0.080430403 -0.109939583 0.024403771 0.990378141
1341846329.473950 0.611560762 0.177838817 0.192085370 0.079608276 -0.110975146 0.018240783 0.990461707
1341846329.506147 0.622023404 0.178160980 0.180447146 0.080311842 -0.113136046 0.016706606 0.990187466
1341846329.542121 0.619168997 0.164413080 0.179291412 0.078211732 -0.116099656 0.016229564 0.990020394
1341846329.574086 0.615656734 0.148183376 0.190319419 0.080728158 -0.118560493 0.014684491 0.989550829
1341846329.606387 0.614985585 0.150594369 0.186491251 0.083978735 -0.118471868 0.013243309 0.989311159
1341846329.641955 0.613832533 0.148025736 0.181391016 0.084060356 -0.119605377 0.013552397 0.989163697
1341846329.681570 0.613235652 0.132437930 0.184007898 0.082649060 -0.122824430 0.014439251 0.988875628
1341846329.748113 0.620685458 0.127560109 0.183306366 0.085328788 -0.123269528 0.011843973 0.988627076
1341846329.774077 0.624155045 0.113763414 0.183800459 0.082392417 -0.121996105 0.014656026 0.988996327
1341846329.810175 0.617918968 0.102848016 0.182523742 0.082300782 -0.119963646 0.016602926 0.989221811
1341846329.842255 0.618678808 0.094795093 0.179001510 0.083511338 -0.119853094 0.019708440 0.989076734
1341846329.874044 0.618104458 0.088125445 0.181692943 0.084998570 -0.120004624 0.023436334 0.988850296
1341846329.910073 0.618991792 0.092431590 0.170734763 0.085170142 -0.120379105 0.025648188 0.988735080
1341846329.942009 0.614916265 0.092749275 0.173198596 0.080636062 -0.120630808 0.030076209 0.988959789
1341846329.978087 0.616243362 0.067032672 0.173989147 0.077482067 -0.121187419 0.031346664 0.989104390
1341846330.016305 0.622461855 0.074162036 0.169048235 0.079918385 -0.120380014 0.029387757 0.989069283
1341846330.048192 0.615259111 0.080799676 0.165351003 0.076441102 -0.118439876 0.030182751 0.989554346
1341846330.080418 0.616652966 0.058162842 0.166560113 0.070944421 -0.118770942 0.031828135 0.989872396
1341846330.115886 0.625934839 0.044681612 0.154268876 0.073099025 -0.117325827 0.033313487 0.989839077
1341846330.147839 0.621584594 0.058896225 0.148307726 0.076025896 -0.116792232 0.035137475 0.989618659
1341846330.181257 0.620869994 0.076004252 0.149901122 0.071933791 -0.117676534 0.038108598 0.989709854
1341846330.215852 0.622126579 0.057658665 0.153835773 0.064802468 -0.116923556 0.037247121 0.990324318
1341846330.247833 0.619278789 0.050195295 0.147892430 0.062773407 -0.116070837 0.035426620 0.990622044
1341846330.283913 0.616234362 0.064607300 0.142833218 0.060068030 -0.116447896 0.035855517 0.990730107
1341846330.316011 0.615642428 0.046726316 0.144789949 0.052842949 -0.117388278 0.034001354 0.991096199
1341846330.347868 0.614981413 0.040233798 0.143682972 0.050642695 -0.119047642 0.033203688 0.991040170
1341846330.383835 0.619430542 0.037410107 0.146446303 0.048812810 -0.119992316 0.033602711 0.991004527
1341846330.415934 0.617574751 0.022377217 0.145213991 0.047945555 -0.118953079 0.031543765 0.991239846
1341846330.452561 0.612823606 0.021542888 0.143185094 0.050983913 -0.119002335 0.030612936 0.991111577
1341846330.483903 0.609153748 0.026739720 0.138169795 0.051145971 -0.120595433 0.033221558 0.990826547
1341846330.515970 0.610899806 0.017906412 0.138715386 0.048882179 -0.123130754 0.036481913 0.990514219
1341846330.552099 0.612143159 0.014728231 0.135510489 0.049882542 -0.124352016 0.038852092 0.990221679
1341846330.583876 0.608873308 0.024744855 0.133930013 0.050000388 -0.124363348 0.038925651 0.990211368
1341846330.619992 0.600661457 0.034584519 0.129189625 0.046356197 -0.125031129 0.037330337 0.990365982
1341846330.652136 0.607637644 0.022857659 0.125956684 0.039200619 -0.127155572 0.035486508 0.990472436
1341846330.683796 0.604226530 0.020916576 0.124528177 0.034858108 -0.126737177 0.034046866 0.990738869
1341846330.719991 0.601587057 0.006541193 0.115547225 0.031473063 -0.128862977 0.034822520 0.990550935
1341846330.752103 0.601094902 0.002505084 0.109415583 0.032706846 -0.132940546 0.039510358 0.989795983
1341846330.787952 0.592359841 0.010311099 0.106419221 0.034020979 -0.136985585 0.042445488 0.989078403
1341846330.819823 0.598279595 0.010889773 0.108380318 0.033593852 -0.142047316 0.043666054 0.988325536
1341846330.852208 0.600726426 0.018858299 0.098894492 0.033378214 -0.143625632 0.044206802 0.988080621
1341846330.888445 0.595732927 0.031578358 0.097100183 0.030765614 -0.145284742 0.044585269 0.987905860
1341846330.914111 0.595162928 0.029721841 0.096617363 0.024866194 -0.146696746 0.042527035 0.987954080
1341846330.949903 0.593098700 0.016072782 0.095022418 0.021012641 -0.147732243 0.042724948 0.987880707
1341846330.981986 0.585948288 0.020060971 0.086547397 0.022381743 -0.151472867 0.043035813 0.987270474
1341846331.014111 0.589108825 0.023523198 0.084655613 0.021786589 -0.155734465 0.043631334 0.986594379
1341846331.082139 0.587866962 0.020730095 0.078851894 0.023894155 -0.158532143 0.040717937 0.986224532
1341846331.114334 0.588142395 0.023183562 0.075662829 0.023663282 -0.160706148 0.040065195 0.985904932
1341846331.149989 0.589384794 0.014560809 0.080178514 0.023613635 -0.161941037 0.039434288 0.985729396
1341846331.181954 0.585120738 0.014474612 0.074914999 0.027024543 -0.161735505 0.038380601 0.985717177
1341846331.218151 0.563964248 0.027966052 0.064865753 0.027721662 -0.162603527 0.037410922 0.985592246
1341846331.249914 0.576719284 0.016417233 0.065096207 0.025012309 -0.165056065 0.035613012 0.985323668
1341846331.282227 0.594327390 0.003689481 0.076768145 0.029988654 -0.162587240 0.034843273 0.985622644
1341846331.318141 0.578732669 0.026926503 0.092664234 0.037575554 -0.156789124 0.034743816 0.986305356
1341846331.349926 0.588738024 0.020138666 0.063869730 0.034927234 -0.153580010 0.032633290 0.986979425
1341846331.382003 0.607715666 0.010803629 0.081317820 0.038400520 -0.148547158 0.031611841 0.987653792
1341846331.418008 0.589795351 0.019579682 0.087604478 0.046019319 -0.137925580 0.033063959 0.988820255
1341846331.450327 0.582045496 0.033931576 0.111159533 0.048985153 -0.133213446 0.034027006 0.989291131
1341846331.486219 0.581242263 0.026238507 0.092151351 0.047164015 -0.129721776 0.033258364 0.989869595
1341846331.518344 0.596013963 0.025489131 0.106399186 0.045741960 -0.131014094 0.033441108 0.989759922
1341846331.550202 0.594383359 0.015614739 0.104065664 0.047771055 -0.125341117 0.031243430 0.990470350
1341846331.586139 0.581532001 0.028804703 0.111062318 0.050647695 -0.123027347 0.031806476 0.990599573
1341846331.617931 0.599463046 0.025197810 0.106251590 0.048926853 -0.124772355 0.031842731 0.990466654
1341846331.654027 0.591869175 0.024374191 0.130837783 0.049863834 -0.121421374 0.032230336 0.990823746
1341846331.686123 0.598845363 0.027243339 0.120043978 0.051525552 -0.119537443 0.034456499 0.990892947
1341846331.717954 0.591154873 0.039355453 0.124797150 0.049198382 -0.119976819 0.033933423 0.990976155
1341846331.754076 0.593934059 0.033987474 0.172121108 0.046971418 -0.120978661 0.034402594 0.990946233
1341846331.785920 0.583983719 0.029189067 0.163730785 0.049947456 -0.116099291 0.031908423 0.991467714
1341846331.818053 0.584706068 0.043800667 0.191867039 0.051066589 -0.116077647 0.033346839 0.991365850
1341846331.853849 0.584530592 0.035875693 0.201456130 0.049288854 -0.115973212 0.032986950 0.991480052
1341846331.885987 0.589964867 0.030251378 0.208187476 0.051932931 -0.113671124 0.031169688 0.991670489
1341846331.922014 0.585379124 0.040378653 0.223213151 0.054626245 -0.110366121 0.030501207 0.991919875
1341846331.954037 0.590991437 0.038771167 0.228030413 0.054178782 -0.108130716 0.031319741 0.992165089
1341846331.986135 0.594408631 0.024473976 0.239492476 0.055328682 -0.102835640 0.033130545 0.992605627
1341846332.022364 0.569544792 0.022852913 0.242626488 0.062816225 -0.095192067 0.031821344 0.992965341
1341846332.054175 0.565721571 0.026824767 0.256559581 0.068887174 -0.095100567 0.034180637 0.992492914
1341846332.086502 0.574708879 0.035923108 0.284466535 0.071688421 -0.097344905 0.037919100 0.991941035
1341846332.122051 0.569295526 0.041576929 0.297917664 0.073711567 -0.096062884 0.037617564 0.991929173
1341846332.153983 0.560751796 0.054312717 0.310394704 0.072912663 -0.096251950 0.034956578 0.992067277
1341846332.190165 0.557097197 0.054844420 0.321888804 0.066865727 -0.097733632 0.031656750 0.992459059
1341846332.222699 0.555422068 0.034779653 0.339760751 0.063219719 -0.098204106 0.029805224 0.992708862
1341846332.254145 0.551715195 0.032191209 0.346470207 0.065924421 -0.097474195 0.029743889 0.992606699
1341846332.289948 0.542920411 0.037503187 0.360108107 0.068117991 -0.097242706 0.031851735 0.992415905
1341846332.322172 0.544484138 0.032125752 0.365208358 0.068089269 -0.097989142 0.033899244 0.992276609
1341846332.354003 0.546998799 0.030199483 0.369808882 0.070430078 -0.096291281 0.032244328 0.992334545
1341846332.390180 0.548313320 0.039685544 0.377987951 0.073104687 -0.091759503 0.028821228 0.992675841
1341846332.422055 0.543534935 0.045499109 0.395487338 0.071835168 -0.089841433 0.025778718 0.993027568
1341846332.458114 0.546401143 0.038517248 0.405591309 0.071142472 -0.087507270 0.021848749 0.993380010
1341846332.489993 0.532462895 0.042850036 0.409101218 0.072102502 -0.084410854 0.022770546 0.993558049
1341846332.522130 0.525253057 0.048454534 0.427160233 0.071254291 -0.088432819 0.029283585 0.993098676
1341846332.558114 0.526106596 0.041904077 0.438955724 0.070027590 -0.094071150 0.035631828 0.992460132
1341846332.589874 0.536362112 0.052522108 0.438860178 0.069950886 -0.097679295 0.040292338 0.991938651
1341846332.621889 0.535450518 0.057468142 0.448954791 0.065681435 -0.097748600 0.041473016 0.992175043
1341846332.658202 0.537424386 0.057581134 0.462960035 0.062266894 -0.097985014 0.040785685 0.992400289
1341846332.690001 0.530874729 0.059417307 0.466680139 0.060476687 -0.096281916 0.040661920 0.992682755
1341846332.726000 0.522326231 0.058437742 0.475001663 0.059192669 -0.096352167 0.043619428 0.992627800
1341846332.758386 0.532327056 0.058460742 0.489773691 0.059497803 -0.100031011 0.046218589 0.992127895
1341846332.789937 0.539421439 0.067148164 0.500870943 0.059519909 -0.099831112 0.044659808 0.992218077
1341846332.825925 0.539337516 0.064687423 0.515892744 0.057169534 -0.097654745 0.043304849 0.992632866
1341846332.857898 0.538869381 0.062749773 0.523932278 0.057910532 -0.096167631 0.042865157 0.992754161
1341846332.894069 0.536355734 0.074956365 0.535346985 0.058556516 -0.096179299 0.043014172 0.992708683
1341846332.926029 0.541997433 0.081013247 0.540808856 0.055900518 -0.096358776 0.040989801 0.992929995
1341846332.958015 0.547689140 0.074366391 0.545511365 0.051837433 -0.094816871 0.038293563 0.993406415
1341846332.994073 0.547512412 0.083065197 0.560750306 0.049929064 -0.093471035 0.037267935 0.993670642
1341846333.026545 0.533090949 0.075140469 0.552002072 0.046278201 -0.089351207 0.033404868 0.994363546
1341846333.057998 0.495208681 0.064580396 0.546011925 0.043082293 -0.078080148 0.030911528 0.995536029
1341846333.094024 0.477606863 0.056381408 0.564313531 0.041569509 -0.073516831 0.037278183 0.995729685
1341846333.126095 0.443666101 0.047356866 0.552796423 0.040002864 -0.064234711 0.039210800 0.996361494
1341846333.161973 0.407489270 0.048084948 0.539605856 0.038243614 -0.054025523 0.042495973 0.996901572
1341846333.195660 0.355214328 0.038152609 0.574247420 0.033560012 -0.042528894 0.040114738 0.997725308
1341846333.226331 0.326978475 0.030748818 0.562336087 0.030485421 -0.036081232 0.038597777 0.998137772
1341846333.262056 0.546081066 0.110696673 0.612548888 0.041969940 -0.079575725 0.038005698 0.995219529
1341846333.294147 0.528859198 0.098995648 0.614890873 0.036717732 -0.076295108 0.035484850 0.995776951
1341846333.326100 0.558200359 0.106584609 0.623743713 0.036415789 -0.083787829 0.033954367 0.995239019
1341846333.362100 0.568551838 0.107720703 0.622351408 0.032724943 -0.086198859 0.032764997 0.995201170
1341846333.394119 0.578012586 0.104782417 0.625426888 0.029970692 -0.089544654 0.033059537 0.994982719
1341846333.429974 0.555544376 0.110604458 0.626779377 0.029980641 -0.085940048 0.033611916 0.995281756
1341846333.462115 0.538992345 0.106403224 0.621005476 0.029251438 -0.082119375 0.032381114 0.995666802
1341846333.494040 0.552571833 0.105116829 0.627243221 0.029970100 -0.083864383 0.030955963 0.995545208
1341846333.529953 0.564999461 0.104715265 0.630886555 0.030887159 -0.084816530 0.030679373 0.995445073
1341846333.562063 0.558309138 0.109646693 0.632432461 0.032588009 -0.081435017 0.032100219 0.995628417
1341846333.594090 0.549137533 0.111125462 0.628192902 0.030669687 -0.080631182 0.033176754 0.995719552
1341846333.629994 0.547540367 0.116322637 0.630588770 0.028204938 -0.083051622 0.031655740 0.995643020
1341846333.662127 0.545409799 0.119241320 0.627250791 0.025890682 -0.083315901 0.030546971 0.995718360
1341846333.697964 0.559990108 0.105373137 0.632194042 0.021794755 -0.086290658 0.031670000 0.995527983
1341846333.730092 0.557405591 0.105770156 0.627300382 0.024412375 -0.085425712 0.032673720 0.995509446
1341846333.762089 0.555132985 0.107419372 0.623469293 0.025883948 -0.084253892 0.034066558 0.995525420
1341846333.798006 0.555501163 0.105980761 0.620991468 0.027288299 -0.083852820 0.034267765 0.995514870
1341846333.830055 0.555459201 0.108678505 0.617143989 0.030637538 -0.082330614 0.032546781 0.995602190
1341846333.866045 0.556570530 0.113692656 0.613807321 0.032695379 -0.081350669 0.031850744 0.995639801
1341846333.897987 0.538963258 0.114068344 0.606367946 0.035414323 -0.077956088 0.030383062 0.995864213
1341846333.930099 0.516553938 0.114850238 0.596739173 0.038730990 -0.072712660 0.029975710 0.996149778
1341846333.965889 0.500238478 0.106647849 0.581847072 0.038969342 -0.068924248 0.030595409 0.996390879
1341846333.997985 0.566797018 0.098126285 0.590502977 0.040182460 -0.079829641 0.029531572 0.995560408
1341846334.030076 0.549880624 0.098473564 0.580482125 0.043130197 -0.075564519 0.030428311 0.995742917
1341846334.066000 0.534747005 0.098411582 0.572991490 0.044837397 -0.073187649 0.032224737 0.995788574
1341846334.097932 0.519068122 0.106930427 0.562365234 0.048366159 -0.070518941 0.033169094 0.995784998
1341846334.133884 0.508336008 0.115063123 0.552302420 0.052104037 -0.067899041 0.033217754 0.995776832
1341846334.166115 0.557117581 0.097428463 0.553871453 0.048178501 -0.078549236 0.034395877 0.995151162
1341846334.198072 0.547209084 0.095251516 0.548175573 0.048607685 -0.078323685 0.032760948 0.995203257
1341846334.234097 0.542033017 0.097731091 0.538675904 0.049711313 -0.076276720 0.030646903 0.995375037
1341846334.266045 0.545952737 0.090091035 0.535312235 0.047575187 -0.076235749 0.033593345 0.995387554
1341846334.297946 0.542131424 0.084058285 0.527439117 0.047016840 -0.077484600 0.035729181 0.995243192
1341846334.334036 0.553069890 0.094675377 0.516967773 0.050102443 -0.080822065 0.034568023 0.994868159
1341846334.365871 0.542164803 0.094588593 0.511368930 0.049782537 -0.078893550 0.032780014 0.995099485
1341846334.401845 0.530634344 0.090132594 0.503826022 0.047572911 -0.076247215 0.031942844 0.995441020
1341846334.433864 0.521501064 0.092058092 0.494006723 0.048163474 -0.076014452 0.033442248 0.995381176
1341846334.466105 0.513203084 0.090478159 0.487390161 0.048168194 -0.076291725 0.034598585 0.995320261
1341846334.502142 0.507329464 0.087628320 0.476989627 0.045852911 -0.076707155 0.035978213 0.995348811
1341846334.540153 0.521872163 0.095206507 0.486000955 0.048715573 -0.082569800 0.030744812 0.994919002
1341846334.566584 0.514269650 0.097471252 0.476805329 0.047551665 -0.082298741 0.027417192 0.995095015
1341846334.602351 0.512847006 0.098836035 0.467551440 0.044396784 -0.085308611 0.024119815 0.995072663
1341846334.634069 0.509713054 0.101175636 0.461161673 0.042253654 -0.086785316 0.019351201 0.995142460
1341846334.670161 0.512680292 0.100784823 0.453753948 0.040631466 -0.088228986 0.016351297 0.995136857
1341846334.702085 0.512961030 0.096718743 0.444939196 0.038359687 -0.090918630 0.017923214 0.994957864
1341846334.734751 0.515328109 0.099656977 0.439703107 0.039126612 -0.094125815 0.018967269 0.994610369
1341846334.770889 0.522660911 0.093537599 0.428112030 0.036622625 -0.097040072 0.024174454 0.994312644
1341846334.802194 0.519205451 0.100868866 0.400030375 0.037935056 -0.097620256 0.023547221 0.994221687
1341846334.833908 0.525837481 0.105201922 0.388977200 0.038452327 -0.099985771 0.021661382 0.994009614
1341846334.869874 0.537089109 0.102159820 0.375246406 0.035487685 -0.101992115 0.022869674 0.993888915
1341846334.902006 0.546528459 0.097275056 0.358484656 0.032078397 -0.104840323 0.026331402 0.993622780
1341846334.938010 0.533244729 0.099982537 0.349151462 0.033848830 -0.105631731 0.021656280 0.993593097
1341846334.970032 0.543546557 0.103329509 0.343572825 0.034678847 -0.107693814 0.020867793 0.993359923
1341846335.002203 0.552214146 0.102878839 0.333769113 0.036139514 -0.109176606 0.022871168 0.993101895
1341846335.037880 0.522935152 0.089626275 0.317963213 0.035867814 -0.108014502 0.025063897 0.993185878
1341846335.069990 0.526269197 0.093029439 0.304926872 0.036385629 -0.110472232 0.024451759 0.992911935
1341846335.106038 0.526501358 0.088719256 0.296732605 0.036812272 -0.109234490 0.020959258 0.993112981
1341846335.138045 0.512386620 0.082283020 0.282154113 0.037455793 -0.106144302 0.020980213 0.993423581
1341846335.169900 0.513100386 0.095927365 0.278419107 0.039775647 -0.109544396 0.021366375 0.992955923
1341846335.206091 0.512020528 0.102524504 0.267473191 0.040477820 -0.110358380 0.018191688 0.992900610
1341846335.239365 0.518493712 0.092001550 0.267372608 0.039187275 -0.110658638 0.016211858 0.992953300
1341846335.269948 0.509478807 0.085441247 0.251302779 0.040321514 -0.108034901 0.014315499 0.993225932
1341846335.305972 0.506742537 0.083840512 0.236383215 0.041638214 -0.109320283 0.015641449 0.993010938
1341846335.338012 0.520311415 0.084970504 0.239780098 0.043177214 -0.112597384 0.018630235 0.992527366
1341846335.374005 0.518603146 0.080104463 0.229715571 0.047422234 -0.109847583 0.019424373 0.992626548
1341846335.406025 0.522378266 0.076555125 0.222337499 0.053025782 -0.107831135 0.023655463 0.992472291
1341846335.438079 0.524536073 0.083618030 0.209390342 0.058245812 -0.107635334 0.026649082 0.992124975
1341846335.473998 0.526175737 0.086173527 0.200866103 0.060403723 -0.106057689 0.027312597 0.992147863
1341846335.507038 0.526937127 0.092218332 0.189720020 0.062064759 -0.103308357 0.025198741 0.992391229
1341846335.538040 0.526130557 0.099282831 0.182082489 0.062066950 -0.101162709 0.023461264 0.992654741
1341846335.574119 0.523853660 0.102058180 0.167422444 0.059454236 -0.101163976 0.023815304 0.992806137
1341846335.605970 0.526703715 0.096840814 0.161788613 0.057877641 -0.102206446 0.022609454 0.992820680
1341846335.641978 0.526923537 0.097719744 0.156922415 0.059618063 -0.100712776 0.019614533 0.992934048
1341846335.673993 0.526897609 0.102224775 0.135655314 0.059019204 -0.099697635 0.020949263 0.993044972
1341846335.706178 0.524421513 0.099454835 0.124394901 0.058072176 -0.100892194 0.021761449 0.992962718
1341846335.741982 0.529422879 0.101452321 0.116740569 0.058999326 -0.101179942 0.020814894 0.992899060
1341846335.773960 0.531826198 0.103753477 0.106311709 0.058941953 -0.101143777 0.020864144 0.992905140
1341846335.806271 0.532773912 0.112202443 0.091556966 0.057857681 -0.101498187 0.019278802 0.992964745
1341846335.842031 0.533219635 0.105485469 0.083071500 0.055613909 -0.100268520 0.018738542 0.993228197
1341846335.873966 0.537167132 0.105786324 0.073765643 0.056297213 -0.099233195 0.018758478 0.993293345
1341846335.910005 0.531777322 0.112480111 0.061086867 0.056276716 -0.098994307 0.020714413 0.993279397
1341846335.941936 0.571076274 0.119732358 0.053853035 0.056406140 -0.107733436 0.021128584 0.992353559
1341846335.974198 0.534482539 0.112684928 0.039783757 0.055126894 -0.101745278 0.019195085 0.993096411
1341846336.010032 0.538762391 0.118248254 0.035464205 0.055552501 -0.102923691 0.017721323 0.992978692
1341846336.042129 0.530289173 0.115382321 0.018292440 0.054115500 -0.102887921 0.018391073 0.993049562
1341846336.078076 0.549997270 0.112987824 0.015153086 0.054508109 -0.108501382 0.016766086 0.992459238
1341846336.110739 0.531773567 0.115704030 0.007370345 0.055017591 -0.105083674 0.016254082 0.992807329
1341846336.142002 0.526679039 0.114969626 -0.010446290 0.054589737 -0.104537465 0.017010115 0.992875934
1341846336.183953 0.525452018 0.118068174 -0.022935778 0.054325510 -0.107082434 0.017840607 0.992604554
1341846336.210112 0.522813201 0.123567387 -0.016738893 0.053434454 -0.108798005 0.017864276 0.992465973
1341846336.241891 0.528342426 0.121760100 -0.029078277 0.052497186 -0.108059131 0.018063404 0.992593110
1341846336.277946 0.506017387 0.116298616 -0.026993891 0.052823052 -0.105934232 0.018288467 0.992800713
1341846336.309977 0.517176092 0.113178566 -0.044832438 0.054759346 -0.109694734 0.022255437 0.992206275
1341846336.346143 0.526381135 0.118442222 -0.061747536 0.056507949 -0.111402355 0.023591133 0.991887033
1341846336.377975 0.524594605 0.119794890 -0.066478841 0.057693273 -0.110890888 0.022557596 0.991900146
1341846336.410032 0.522758424 0.123257458 -0.073877111 0.058703136 -0.110278100 0.022786049 0.991903961
1341846336.446041 0.525874734 0.127483398 -0.091741055 0.058300678 -0.110733762 0.022839978 0.991875708
1341846336.477990 0.529527664 0.124952339 -0.094455868 0.057023238 -0.111238457 0.022833189 0.991893709
1341846336.510056 0.528026164 0.122581914 -0.097593278 0.057051975 -0.110672802 0.023665775 0.991935790
1341846336.546024 0.525939167 0.123630948 -0.105985619 0.057973620 -0.110288650 0.025286144 0.991885126
1341846336.578003 0.524832547 0.130250365 -0.116038464 0.057900507 -0.110526301 0.026707554 0.991825700
1341846336.614020 0.530286849 0.129732117 -0.113817573 0.057165451 -0.110484399 0.026112899 0.991888821
1341846336.645982 0.525379419 0.134328440 -0.126230821 0.056318473 -0.108719394 0.025358059 0.992151856
1341846336.678036 0.518988788 0.130089477 -0.133007005 0.054244138 -0.110130504 0.025711587 0.992102742
1341846336.714024 0.518877685 0.124070235 -0.132105470 0.055404577 -0.112506859 0.025550896 0.991776049
1341846336.746016 0.512907624 0.121288508 -0.140305549 0.058901787 -0.114169747 0.027543252 0.991331041
1341846336.778014 0.514044642 0.129084274 -0.156323984 0.061582144 -0.118039466 0.031400248 0.990600049
1341846336.820006 0.516277969 0.132266477 -0.161514714 0.062009662 -0.121991791 0.033771168 0.990016341
1341846336.845952 0.518428683 0.128772110 -0.161510319 0.062739000 -0.123250380 0.032234192 0.989865720
1341846336.882056 0.509966314 0.130109727 -0.177432835 0.064760350 -0.123485014 0.032097552 0.989710748
1341846336.914273 0.535361469 0.122595370 -0.222731739 0.065463014 -0.128548205 0.035344247 0.988908887
1341846336.945998 0.578029633 0.130038649 -0.221365169 0.071614005 -0.137058064 0.038548861 0.987218618
1341846336.981980 0.606205940 0.150806278 -0.227811068 0.076195747 -0.141078413 0.035315063 0.986429930
1341846337.014238 0.626962960 0.154786721 -0.208333358 0.073724404 -0.145088971 0.033923920 0.986084700
1341846337.046017 0.651823997 0.158941224 -0.188603446 0.072223060 -0.147414654 0.028481591 0.986023068
1341846337.082104 0.667047322 0.160228640 -0.223307997 0.071626887 -0.147546768 0.024775838 0.986146867
1341846337.114317 0.685400367 0.161326274 -0.201975673 0.070051096 -0.150851622 0.024002390 0.985779166
1341846337.150037 0.705939770 0.163423896 -0.187095970 0.068754166 -0.153943717 0.022725444 0.985422611
1341846337.181873 0.722232997 0.164806753 -0.171844959 0.068808012 -0.154725254 0.020005256 0.985355437
1341846337.214073 0.750965297 0.176575452 -0.191226378 0.066966161 -0.153927907 0.017464500 0.985655487
1341846337.250087 0.763146579 0.173205242 -0.172381073 0.064148761 -0.156127930 0.017935609 0.985488415
1341846337.282028 0.786889493 0.177518085 -0.181303263 0.065167785 -0.160889596 0.020536829 0.984604478
1341846337.317920 0.804353952 0.178796262 -0.177695140 0.064717911 -0.163308740 0.021552041 0.984214067
1341846337.350018 0.820740640 0.180655211 -0.189320192 0.063028872 -0.163212851 0.021348616 0.984344065
1341846337.382159 0.830800653 0.182023063 -0.192450657 0.061524000 -0.162421495 0.016773708 0.984658718
1341846337.417941 0.835173011 0.170891762 -0.175313964 0.061253954 -0.162967637 0.018702243 0.984550536
1341846337.450137 0.842576861 0.172190726 -0.189929634 0.061556615 -0.165079445 0.019422252 0.984165847
1341846337.482096 0.841149390 0.171979278 -0.189337671 0.059866879 -0.165196359 0.020715373 0.984224081
1341846337.518008 0.836569965 0.173432902 -0.185449630 0.061510198 -0.165036380 0.019463124 0.984175205
1341846337.549978 0.842819214 0.177500948 -0.193004444 0.061577350 -0.166468769 0.019322831 0.983932436
1341846337.585971 0.843281984 0.174968913 -0.185998827 0.059207510 -0.166776046 0.017549120 0.984059155
1341846337.617903 0.842017770 0.164139643 -0.181977212 0.059656065 -0.167501628 0.018585665 0.983889699
1341846337.650141 0.846921682 0.173653141 -0.189345747 0.062266465 -0.168085754 0.019132521 0.983617783
1341846337.686352 0.847217560 0.176564515 -0.184128493 0.060614917 -0.167968765 0.019396212 0.983735800
1341846337.718002 0.849204481 0.175873473 -0.179907694 0.059214670 -0.167349324 0.018253729 0.983948529
1341846337.749920 0.850537241 0.179413468 -0.173648879 0.058922384 -0.165926799 0.018390248 0.984204412
1341846337.786157 0.855751395 0.184199914 -0.171318799 0.055866040 -0.163371041 0.018260585 0.984812438
1341846337.817945 0.848132610 0.180240005 -0.164561674 0.053425547 -0.160965562 0.019001072 0.985329807
1341846337.854071 0.852696300 0.182979330 -0.159470916 0.052382648 -0.158200160 0.018605249 0.985841155
1341846337.885951 0.844773889 0.187930152 -0.160461485 0.049800817 -0.155120045 0.016025659 0.986509442
1341846337.918223 0.847035766 0.188775897 -0.148630738 0.045875750 -0.154247880 0.013999307 0.986867368
1341846337.954120 0.844331443 0.187027127 -0.144717455 0.043716881 -0.152680144 0.012216386 0.987232685
1341846337.985994 0.845434308 0.193234101 -0.142058492 0.041283283 -0.151910990 0.012302554 0.987455010
1341846338.018107 0.847739339 0.189730525 -0.130012631 0.037615016 -0.150641724 0.013324394 0.987782717
1341846338.054055 0.845578969 0.192441925 -0.127758011 0.035485916 -0.148870870 0.011542989 0.988152325
1341846338.085986 0.849414706 0.192731991 -0.114257909 0.032019448 -0.146191701 0.011559085 0.988670409
1341846338.121875 0.844018102 0.188816160 -0.105892286 0.029848576 -0.143692046 0.012559624 0.989092469
1341846338.154089 0.843747139 0.189519241 -0.098890536 0.028708884 -0.143337816 0.016346302 0.989122331
1341846338.186029 0.841653764 0.188780993 -0.092993610 0.027180126 -0.143584058 0.018018808 0.989100695
1341846338.222071 0.852671862 0.189604089 -0.077244259 0.025825853 -0.143693089 0.018222393 0.989117503
1341846338.254107 0.841312349 0.185291603 -0.070176713 0.023849638 -0.141002059 0.017973293 0.989558816
1341846338.290130 0.841198206 0.186084539 -0.059515525 0.024288628 -0.141094550 0.019705094 0.989501953
1341846338.321952 0.841488361 0.192203686 -0.055464495 0.024525873 -0.140120000 0.021462429 0.989598036
1341846338.354022 0.841910362 0.191448033 -0.040203705 0.023975855 -0.139846265 0.021406047 0.989651501
1341846338.389969 0.840057671 0.195227608 -0.033481479 0.023418603 -0.138798416 0.022419095 0.989789844
1341846338.422377 0.837693691 0.191211388 -0.023276677 0.021380894 -0.138427019 0.021935411 0.989898801
1341846338.454010 0.832840741 0.193714440 -0.020264793 0.020660508 -0.138059601 0.020510992 0.989995956
1341846338.489894 0.835015476 0.190392494 -0.006769001 0.018772470 -0.139139533 0.020833164 0.989875615
1341846338.522066 0.832607627 0.191080943 0.001365958 0.019991644 -0.138430014 0.019910917 0.989970207
1341846338.558058 0.830923855 0.193847403 0.002442631 0.019200670 -0.138318196 0.019403007 0.990011632
1341846338.589842 0.828014851 0.193446651 0.013978935 0.017432444 -0.138321251 0.018485034 0.990061462
1341846338.622019 0.829463840 0.190784648 0.032453302 0.017980007 -0.137520075 0.020309759 0.990127504
1341846338.657984 0.824786663 0.199406937 0.033888791 0.018614184 -0.137299448 0.021711264 0.990116656
1341846338.690198 0.835488856 0.202173352 0.055537138 0.016562173 -0.139739916 0.021722799 0.989811361
1341846338.722454 0.830503643 0.199486092 0.064067744 0.016359935 -0.137807429 0.020777714 0.990105987
1341846338.757945 0.827443838 0.199110195 0.061627597 0.015810732 -0.137704924 0.023301963 0.990072966
1341846338.790039 0.827899277 0.199648261 0.080530345 0.013681940 -0.140169799 0.023498485 0.989754081
1341846338.826048 0.835251033 0.202080116 0.101426490 0.014646797 -0.140128225 0.022376567 0.989772141
1341846338.858027 0.828487217 0.204183072 0.098148145 0.014555588 -0.137641430 0.021606894 0.990139484
1341846338.889902 0.828240931 0.202667192 0.110559314 0.011898841 -0.139028728 0.020593558 0.990002692
1341846338.925948 0.823991060 0.199811444 0.121226743 0.011340973 -0.137349486 0.017450497 0.990303993
1341846338.958108 0.823928237 0.201379955 0.129677534 0.012009705 -0.135777175 0.017181501 0.990517616
1341846338.990057 0.825112343 0.199793890 0.138408557 0.012260958 -0.136220068 0.018464208 0.990430653
1341846339.025928 0.824359477 0.202505231 0.151908398 0.014965499 -0.134739399 0.018914398 0.990587533
1341846339.057939 0.824269652 0.202572614 0.156900600 0.017049989 -0.132783502 0.019893790 0.990798771
1341846339.093927 0.821155369 0.208112285 0.167295292 0.016118141 -0.133302540 0.021368798 0.990713894
1341846339.126562 0.827164650 0.207169443 0.182072967 0.012595039 -0.135134324 0.019510124 0.990555108
1341846339.157969 0.828638136 0.207087770 0.195043072 0.010533411 -0.132322103 0.017772594 0.990991414
1341846339.194113 0.825471461 0.209488124 0.207642898 0.008482846 -0.131572500 0.018497599 0.991097689
1341846339.228165 0.825095773 0.213613346 0.216550395 0.004889465 -0.133719966 0.021094237 0.990782619
1341846339.257998 0.828485072 0.216140777 0.237397745 0.003089375 -0.133017659 0.019651150 0.990914047
1341846339.294132 0.828281641 0.216279507 0.247435540 0.002379816 -0.131074429 0.021653119 0.991133213
1341846339.326577 0.833430767 0.215099141 0.257089555 -0.003132679 -0.134261563 0.025986468 0.990600228
1341846339.362269 0.832849503 0.214108422 0.265508205 -0.006616267 -0.135997489 0.022640027 0.990428388
1341846339.394725 0.832135320 0.223469719 0.278216243 -0.005734176 -0.133670986 0.020571230 0.990795672
1341846339.426160 0.829070568 0.224684194 0.279876441 -0.007909173 -0.133224010 0.021690505 0.990817070
1341846339.462186 0.835681975 0.222983688 0.299505234 -0.009304182 -0.134937927 0.019945230 0.990609646
1341846339.496743 0.839181304 0.220564112 0.302571028 -0.006188195 -0.131116882 0.017700309 0.991189599
1341846339.530143 0.833042085 0.215278774 0.304091930 -0.006713758 -0.126957029 0.019356459 0.991696656
1341846339.562052 0.836501122 0.212509215 0.319474995 -0.006411750 -0.128168747 0.020535165 0.991519034
1341846339.595122 0.841137290 0.219483241 0.325875908 -0.003077489 -0.127554700 0.019411998 0.991636813
1341846339.632085 0.838729203 0.219080418 0.336625129 -0.001622303 -0.123301707 0.017508013 0.992213488
1341846339.664568 0.837240815 0.219536602 0.344452411 -0.001078189 -0.120444596 0.015190928 0.992603302
1341846339.698896 0.845949650 0.211358368 0.359853864 -0.002579852 -0.121255174 0.016363721 0.992483139
1341846339.731977 0.844070852 0.210480019 0.366191417 -0.002079650 -0.120461702 0.014478362 0.992610276
1341846339.762241 0.846136332 0.209991664 0.376553148 -0.001578392 -0.119346835 0.014084663 0.992751479
1341846339.797873 0.846352339 0.207852349 0.382454991 -0.002199904 -0.119148575 0.016094426 0.992743552
1341846339.830245 0.844311833 0.210833386 0.392456830 -0.001444026 -0.119089328 0.015163672 0.992766678
1341846339.862015 0.843462348 0.213006735 0.398295760 -0.001566294 -0.118625164 0.014290253 0.992835045
1341846339.897797 0.846329689 0.213047534 0.405902982 -0.002370005 -0.117918089 0.013928714 0.992922843
1341846339.929916 0.845027566 0.205992222 0.416899651 -0.003609431 -0.116750486 0.015945865 0.993026733
1341846339.961960 0.847151935 0.205552459 0.427569687 -0.002375461 -0.117661133 0.016439682 0.992914975
1341846339.997845 0.857724667 0.203420281 0.429633528 -0.001632275 -0.117671758 0.017587319 0.992895484
1341846340.029925 0.857571244 0.204453230 0.440422684 -0.000492087 -0.115143567 0.018967014 0.993167639
1341846340.066044 0.858067036 0.203306258 0.443660468 0.001238668 -0.113945171 0.020504713 0.993274629
1341846340.098009 0.856777847 0.208228022 0.450074166 0.002916566 -0.113237873 0.020268189 0.993356943
1341846340.130102 0.852665544 0.207186162 0.455412418 0.002225858 -0.112568125 0.019389810 0.993452370
1341846340.166041 0.860512435 0.205517262 0.464431584 0.003377440 -0.111288816 0.017751446 0.993623853
1341846340.197867 0.858104050 0.203298047 0.467327446 0.003718049 -0.108550586 0.018806266 0.993906081
1341846340.229904 0.858553529 0.205545902 0.473633975 0.002758351 -0.108977996 0.018553283 0.993867218
1341846340.265859 0.860161483 0.201105595 0.484217227 0.002014765 -0.107973084 0.017708039 0.993994117
1341846340.298061 0.860548854 0.200648963 0.490111291 0.003663160 -0.105735876 0.019397927 0.994198263
1341846340.334063 0.852803349 0.204522997 0.496592373 0.003027694 -0.105597593 0.019047240 0.994221926
1341846340.366064 0.859442532 0.202925369 0.516219676 0.001860844 -0.108527116 0.017859628 0.993931353
1341846340.397995 0.863348782 0.202176213 0.517591119 0.003625000 -0.108532831 0.017874705 0.993925571
1341846340.433895 0.862672389 0.201720342 0.518531084 0.003827054 -0.108533546 0.019084653 0.993902266
1341846340.465959 0.860441208 0.199965283 0.520511389 0.004156068 -0.110405140 0.021569248 0.993643939
1341846340.501858 0.865737498 0.201885819 0.520723045 0.005332114 -0.114147164 0.021175064 0.993223906
1341846340.534329 0.869925022 0.201043651 0.521232426 0.005587253 -0.115603290 0.021104747 0.993055522
1341846340.566041 0.873254657 0.198273748 0.525647223 0.006557980 -0.116927013 0.022314254 0.992868185
1341846340.601909 0.882086694 0.197020128 0.522294700 0.008595570 -0.118232362 0.023427442 0.992672384
1341846340.634005 0.886294365 0.202466100 0.518928885 0.010304028 -0.118958376 0.021989793 0.992602289
1341846340.666028 0.890179634 0.198325843 0.517443717 0.009733218 -0.118669733 0.019705931 0.992690563
1341846340.701946 0.893808842 0.199529171 0.519823194 0.012200735 -0.117579646 0.017863134 0.992827833
1341846340.733954 0.895603955 0.204546288 0.517344773 0.014064696 -0.115756385 0.016533596 0.993040442
1341846340.770081 0.893878043 0.200463876 0.513834119 0.012760526 -0.114740804 0.013628717 0.993220031
1341846340.801980 0.900649071 0.202805236 0.516859293 0.014111205 -0.114777423 0.008570790 0.993254006
1341846340.833999 0.902246237 0.205341935 0.513055086 0.014414728 -0.112330124 0.004752448 0.993555069
1341846340.870013 0.899658322 0.201144502 0.512298286 0.012658852 -0.112034701 0.003132864 0.993618727
1341846340.901955 0.902760804 0.202014357 0.515806854 0.014062264 -0.112867311 0.003077880 0.993505776
1341846340.933918 0.899877012 0.199141666 0.511509418 0.014840363 -0.112955816 0.005557057 0.993473649
1341846340.970122 0.900612473 0.201220542 0.507576704 0.015762197 -0.115901411 0.010507780 0.993080139
1341846341.001922 0.902757406 0.198410600 0.508875847 0.016028516 -0.120400116 0.016348517 0.992461443
1341846341.037923 0.903821230 0.200078174 0.502623260 0.017310156 -0.122409925 0.017963432 0.992166102
1341846341.070300 0.903996825 0.202753469 0.501814485 0.018605370 -0.123146906 0.017245060 0.992064178
1341846341.102028 0.902810156 0.199099571 0.498400867 0.017662721 -0.124396354 0.017882790 0.991914213
1341846341.137982 0.902059138 0.197682589 0.492283344 0.017438738 -0.125672802 0.017996637 0.991755247
1341846341.170048 0.902933776 0.197005600 0.491781741 0.017941609 -0.126204237 0.019142935 0.991657257
1341846341.202110 0.905382335 0.196893260 0.490395665 0.019415252 -0.126891077 0.020671846 0.991511166
1341846341.237996 0.906306028 0.197743520 0.489403933 0.021083524 -0.126748130 0.021798516 0.991471291
1341846341.269883 0.908027828 0.198909596 0.487203002 0.022366595 -0.126611859 0.022478664 0.991445363
1341846341.306107 0.909706116 0.197800860 0.482538968 0.022789149 -0.127342731 0.021689802 0.991359711
1341846341.338109 0.909263909 0.197531506 0.477475911 0.023884784 -0.126359954 0.019297322 0.991509140
1341846341.370120 0.910778284 0.195393860 0.477114528 0.024505710 -0.125357568 0.017024312 0.991662800
1341846341.406074 0.904928803 0.195466533 0.475961924 0.024473647 -0.124283351 0.016679257 0.991804719
1341846341.438113 0.905671954 0.190368205 0.472593874 0.025172895 -0.126172721 0.017076662 0.991541862
1341846341.470024 0.909628451 0.193415627 0.471322089 0.028549192 -0.126695037 0.015718281 0.991406262
1341846341.506077 0.903797925 0.200839520 0.471733302 0.029461060 -0.125040427 0.013835203 0.991617680
1341846341.538156 0.904503644 0.194120452 0.473972321 0.027377268 -0.127726778 0.015454287 0.991311014
1341846341.574016 0.911095798 0.196017340 0.473923862 0.028536815 -0.130812690 0.016583599 0.990857542
1341846341.612466 0.909507513 0.198922977 0.471258968 0.029260213 -0.131042272 0.017170979 0.990796089
1341846341.643972 0.906390011 0.198253110 0.469707906 0.028337533 -0.132062107 0.015511663 0.990714908
1341846341.679982 0.903467417 0.198260754 0.465255380 0.028287109 -0.132770926 0.015506604 0.990621686
1341846341.712332 0.899055481 0.200313672 0.460345656 0.028987555 -0.134218335 0.018320218 0.990358293
1341846341.744185 0.901078761 0.199300870 0.462845504 0.029140538 -0.136607036 0.020159211 0.989991367
1341846341.780061 0.901572466 0.202187240 0.462543041 0.029698402 -0.137263596 0.021775255 0.989849806
1341846341.812163 0.903169930 0.198274791 0.460738003 0.029320959 -0.138271317 0.023440009 0.989682734
1341846341.842595 0.907270908 0.194359332 0.458619207 0.030641967 -0.138666451 0.026753852 0.989503443
1341846341.875779 0.907519162 0.193541303 0.452799886 0.031679712 -0.138895571 0.030488241 0.989330530
1341846341.906227 0.909591973 0.191983402 0.451406062 0.033449955 -0.139196396 0.031458281 0.989199638
1341846341.942069 0.911205828 0.188062206 0.446223110 0.036153123 -0.139022171 0.033318218 0.989068151
1341846341.974775 0.916608036 0.189196244 0.449700415 0.039060522 -0.140380621 0.036618251 0.988648951
1341846342.010161 0.910982490 0.190981939 0.447634071 0.039786115 -0.140924245 0.038582209 0.988467991
1341846342.042024 0.922919333 0.178935543 0.444257468 0.039760668 -0.142895177 0.039142780 0.988163948
1341846342.080032 0.928397357 0.181482285 0.442686051 0.041804928 -0.141294688 0.040246986 0.988265395
1341846342.112265 0.926700234 0.176967382 0.441011935 0.041288830 -0.140603766 0.042144276 0.988306522
1341846342.147954 0.928197920 0.170981124 0.441151381 0.042901330 -0.141972169 0.044588394 0.987934887
1341846342.179852 0.930401921 0.178734541 0.438692629 0.046830401 -0.141208783 0.046368647 0.987783849
1341846342.211848 0.925132275 0.180399895 0.441821843 0.047697648 -0.140164167 0.045694411 0.987922609
1341846342.247920 0.923045278 0.178384364 0.441763461 0.048948631 -0.139646634 0.044511069 0.987988710
1341846342.279870 0.924884975 0.178367242 0.440261066 0.050255138 -0.139286771 0.045034826 0.987950146
1341846342.316068 0.925028265 0.181834266 0.438861191 0.052112676 -0.139082819 0.045781717 0.987848401
1341846342.347894 0.927745461 0.182920709 0.436577797 0.052408811 -0.139270827 0.045937359 0.987798989
1341846342.379953 0.929159880 0.180292979 0.436301112 0.052118864 -0.138746798 0.046212178 0.987875223
1341846342.416195 0.928240180 0.181609407 0.436171204 0.052873671 -0.138422266 0.047083203 0.987839520
1341846342.447907 0.926246583 0.184665874 0.435411304 0.053411387 -0.139052793 0.047784336 0.987688303
